2000 06 01 4.688588753115707
2000 06 02 11.330589287361216
2000 06 03 6.894713229258653
2000 06 04 4.613324011945482
2000 06 05 8.111635381535528
2000 06 06 14.736469236954214
2000 06 07 24.932435863514236
2000 06 08 23.246955761979073
2000 06 09 12.34642721315477
2000 06 10 10.267096134573977
2000 06 11 7.602869179118708
2000 06 12 9.66332625900277
2000 06 13 9.426789112237806
2000 06 14 4.587224138872273
2000 06 15 4.7664093229976405
2000 06 16 3.6417572649602357
2000 06 17 6.748103121134835
2000 06 18 4.585984606125633
2000 06 19 13.598999576595833
2000 06 20 12.614280089433423
2000 06 21 10.733826392457873
2000 06 22 3.2878738954890196
2000 06 23 4.309332602822841
2000 06 24 1.0943561483382573
2000 06 25 0.8606134314222385
2000 06 26 1.8433397432723022
2000 06 27 5.508020132174952
2000 06 28 7.522136766595889
2000 06 29 6.8029879782405605
2000 06 30 10.82460627024095
2000 07 01 11.382284376675708
2000 07 02 8.880673927174607
2000 07 03 3.237658081623503
2000 07 04 7.376307948743026
2000 07 05 9.676519591569296
2000 07 06 6.338337320815488
2000 07 07 9.255217291301276
2000 07 08 11.836345440542637
2000 07 09 8.718821553787604
2000 07 10 8.366190257562598
2000 07 11 15.453178623833027
2000 07 12 33.84607476994471
2000 07 13 14.235705408196765
2000 07 14 13.255420313949513
2000 07 15 7.550135243892065
2000 07 16 2.180695759992914
2000 07 17 3.7132440009319843
2000 07 18 5.295289564367176
2000 07 19 4.481862484728019
2000 07 20 2.255780380389412
2000 07 21 1.0392128226872024
2000 07 22 0.9688560648012887
2000 07 23 0.8535107309896934
2000 07 24 0.18204612651754756
2000 07 25 0.14387441150428074
2000 07 26 0.7038773308853208
2000 07 27 0.8525519179662472
2000 07 28 1.1718882689545602
2000 07 29 1.648628579821381
2000 07 30 4.545164490714291
2000 07 31 3.5041970078866496
2000 08 01 14.499842794489135
2000 08 02 9.756013557314873
2000 08 03 6.827065388941523
2000 08 04 23.561224745009756
2000 08 05 15.215259546480203
2000 08 06 11.623886795667222
2000 08 07 10.901598944428004
2000 08 08 13.32872200390409
2000 08 09 9.034654372953218
2000 08 10 8.766369669494896
2000 08 11 10.671583541834416
2000 08 12 6.259929264522143
2000 08 13 1.7426494821376608
2000 08 14 7.102378643065842
2000 08 15 3.9670299577909676
2000 08 16 9.807500210434652
2000 08 17 4.55723474189866
2000 08 18 8.448346033125057
2000 08 19 6.686112714676082
2000 08 20 8.377083453051934
2000 08 21 11.121415138055529
2000 08 22 15.397616716583974
2000 08 23 22.738914941697555
2000 08 24 19.00555911043725
2000 08 25 22.514946044020846
2000 08 26 18.15001306660133
2000 08 27 15.474325941185358
2000 08 28 10.228105277163426
2000 08 29 6.474127627001499
2000 08 30 4.1898748915888335
2000 08 31 3.1256006596808508
2000 09 01 2.355142248879532
2000 09 02 1.3385708384631854
2000 09 03 5.450328324198118
2000 09 04 4.34709815926812
2000 09 05 4.7897304027591865
2000 09 06 1.5141204414028806
2000 09 07 1.80250345189408
2000 09 08 2.1101586827015515
2000 09 09 1.8473585167814632
2000 09 10 0.5339915532297289
2000 09 11 0.9198027273952053
2000 09 12 1.2676633892930704
2000 09 13 3.327177826901378
2000 09 14 13.356241462421297
2000 09 15 5.983822058678278
2000 09 16 6.506137533690119
2000 09 17 10.070246965449474
2000 09 18 4.019483972473193
2000 09 19 8.997887475501159
2000 09 20 9.587225844109724
2000 09 21 22.396378914263043
2000 09 22 9.973933780858964
2000 09 23 16.70059006184642
2000 09 24 9.103569854334527
2000 09 25 9.811294335928665
2000 09 26 13.394373732926276
2000 09 27 4.641019131855916
2000 09 28 10.039438466432737
2000 09 29 2.4064213226591873
2000 09 30 12.710755322563466
2001 06 01 0.04967845454433848
2001 06 02 0.12665202850617732
2001 06 03 2.6587963118241524
2001 06 04 2.478558031246444
2001 06 05 2.787855685740558
2001 06 06 10.927393711460423
2001 06 07 9.73389516430458
2001 06 08 11.026752803607035
2001 06 09 6.475235088676365
2001 06 10 7.226486734024764
2001 06 11 14.378553623059377
2001 06 12 16.810128999013585
2001 06 13 21.381859579818503
2001 06 14 18.068099429462162
2001 06 15 23.662432798463378
2001 06 16 8.956900637729216
2001 06 17 5.457485209261705
2001 06 18 4.901238878820148
2001 06 19 6.103830976610256
2001 06 20 6.101775921389536
2001 06 21 5.842392859952099
2001 06 22 7.931316861343868
2001 06 23 11.665715955651654
2001 06 24 7.865830727602322
2001 06 25 2.8039667403637454
2001 06 26 8.60626579473164
2001 06 27 3.2465830998977427
2001 06 28 9.616600234307311
2001 06 29 4.797365576482666
2001 06 30 5.815317623808904
2001 07 01 3.065364478014145
2001 07 02 3.4718604844990115
2001 07 03 12.293489102520011
2001 07 04 11.435207954139878
2001 07 05 13.682057739060543
2001 07 06 12.839785209653645
2001 07 07 13.876614890236237
2001 07 08 23.128264486940985
2001 07 09 20.07419162897894
2001 07 10 11.821044388610094
2001 07 11 15.115756359915746
2001 07 12 5.584540348292002
2001 07 13 2.503177296994301
2001 07 14 4.635467814499049
2001 07 15 1.9378582429008435
2001 07 16 5.710188673194592
2001 07 17 5.7324904106973396
2001 07 18 3.241659312759559
2001 07 19 3.036608064348625
2001 07 20 3.164912721908032
2001 07 21 1.87430151018697
2001 07 22 0.8192499689946925
2001 07 23 1.974650725533212
2001 07 24 3.7999318430417683
2001 07 25 4.156068186998972
2001 07 26 5.968197029329798
2001 07 27 8.332002786210346
2001 07 28 7.523797533725421
2001 07 29 6.682744327648945
2001 07 30 3.467080237447913
2001 07 31 10.066863625712202
2001 08 01 11.113264193881284
2001 08 02 8.072734753114318
2001 08 03 12.217988039333807
2001 08 04 9.434642234051289
2001 08 05 8.006503880288697
2001 08 06 3.9267961070471005
2001 08 07 4.406468800557446
2001 08 08 3.042840368629712
2001 08 09 2.9771120589094116
2001 08 10 1.8802850681361813
2001 08 11 2.1146503997030597
2001 08 12 2.680816451607622
2001 08 13 3.3275482965453627
2001 08 14 6.087276667545592
2001 08 15 3.029638360902138
2001 08 16 6.21947418894562
2001 08 17 9.063624440526901
2001 08 18 8.028591665935698
2001 08 19 10.292119970025144
2001 08 20 7.5874078595623144
2001 08 21 6.414998488264338
2001 08 22 5.947502647332733
2001 08 23 6.028385311289487
2001 08 24 5.1183377272889095
2001 08 25 6.8159508683203445
2001 08 26 3.137197647413929
2001 08 27 3.866974967839149
2001 08 28 3.072234567122411
2001 08 29 1.8208725489108695
2001 08 30 2.527678354856024
2001 08 31 1.491468954169508
2001 09 01 0.7337222578864412
2001 09 02 0.4257246656012414
2001 09 03 0.37435773173867143
2001 09 04 0.03507667144543023
2001 09 05 0.024576763135527598
2001 09 06 0.036084678723727386
2001 09 07 0.2506288321036373
2001 09 08 0.5860826587919051
2001 09 09 1.8458453481875094
2001 09 10 1.3008667833081962
2001 09 11 2.609684060067695
2001 09 12 2.277869413233348
2001 09 13 1.1288501331724492
2001 09 14 4.485147414511533
2001 09 15 17.23797460936653
2001 09 16 3.4152215906811243
2001 09 17 7.846185399947433
2001 09 18 7.8435917786762195
2001 09 19 6.275151431787438
2001 09 20 8.736846762411485
2001 09 21 5.672701745242032
2001 09 22 10.48083410952902
2001 09 23 11.85813345181458
2001 09 24 10.081504478369872
2001 09 25 6.058872345059656
2001 09 26 9.516307781417357
2001 09 27 6.76663258762529
2001 09 28 3.4340024525063293
2001 09 29 2.942010383315498
2001 09 30 15.280750504151214
2002 06 01 4.907902916524616
2002 06 02 10.645909900290107
2002 06 03 9.604473523417402
2002 06 04 5.116705668570124
2002 06 05 1.0091457406654576
2002 06 06 1.8646687737424967
2002 06 07 2.4478376962357973
2002 06 08 1.916458109762463
2002 06 09 6.022793951411235
2002 06 10 6.815413639289776
2002 06 11 4.524395612177208
2002 06 12 5.76482491951606
2002 06 13 4.566450720586753
2002 06 14 17.324402148272785
2002 06 15 14.056103060504205
2002 06 16 7.972695907322586
2002 06 17 3.2379242526320033
2002 06 18 2.701973000834436
2002 06 19 11.421267442102662
2002 06 20 4.56894783743747
2002 06 21 7.007575229188513
2002 06 22 7.441890837804315
2002 06 23 7.050369920691258
2002 06 24 10.775889801305865
2002 06 25 11.421580003300294
2002 06 26 5.380561015025008
2002 06 27 4.613007650422263
2002 06 28 3.5156624553167277
2002 06 29 1.5551091732485645
2002 06 30 0.9743624520180795
2002 07 01 1.7179312633378856
2002 07 02 4.836566366293104
2002 07 03 6.439431588208009
2002 07 04 3.6382056889195127
2002 07 05 3.599035575002583
2002 07 06 2.5610846520831743
2002 07 07 0.9375824589414645
2002 07 08 0.7144455703987083
2002 07 09 0.7435794914434404
2002 07 10 3.1683186094470437
2002 07 11 5.7738785627227145
2002 07 12 18.217474073095975
2002 07 13 11.137464126694928
2002 07 14 5.110468346152814
2002 07 15 3.253962051369212
2002 07 16 3.5789564301065986
2002 07 17 4.894749114847728
2002 07 18 2.627394476706909
2002 07 19 2.231212726477439
2002 07 20 1.7660396840366615
2002 07 21 2.2463783089657725
2002 07 22 3.3440420594312212
2002 07 23 3.695534690571618
2002 07 24 1.4782505911694566
2002 07 25 1.4651721373276057
2002 07 26 5.45591617511765
2002 07 27 1.4323495723269313
2002 07 28 7.5584782160780755
2002 07 29 4.914163549879783
2002 07 30 4.991889347468838
2002 07 31 5.2530050916493245
2002 08 01 5.459196051213947
2002 08 02 4.135805447770254
2002 08 03 3.026221391324162
2002 08 04 4.577592181864426
2002 08 05 8.805610478226908
2002 08 06 13.389987756985093
2002 08 07 6.02200938704504
2002 08 08 6.520246802361181
2002 08 09 12.516753981523404
2002 08 10 12.796110935887407
2002 08 11 12.626507387132511
2002 08 12 6.6051180209529585
2002 08 13 5.917184692122004
2002 08 14 8.037175456846729
2002 08 15 4.653726242823044
2002 08 16 14.22956596288433
2002 08 17 27.543498237763867
2002 08 18 12.416724941338682
2002 08 19 5.732408917570477
2002 08 20 3.4938237570264015
2002 08 21 2.9585738344316557
2002 08 22 2.964722475954119
2002 08 23 2.7001043382634973
2002 08 24 2.1896600657837646
2002 08 25 1.9433664278254896
2002 08 26 0.986848904812699
2002 08 27 2.4097472805964766
2002 08 28 1.3579488471906802
2002 08 29 1.3295140827670315
2002 08 30 0.7329919328393065
2002 08 31 0.19402103697134154
2002 09 01 0.31907344688921413
2002 09 02 0.798904795823666
2002 09 03 2.097177283980217
2002 09 04 2.381879135020796
2002 09 05 1.0422247680764514
2002 09 06 5.416148467301415
2002 09 07 5.606228963939974
2002 09 08 5.317748305647809
2002 09 09 4.69893627451156
2002 09 10 7.249574155901289
2002 09 11 0.5150269889060011
2002 09 12 0.6403674035129814
2002 09 13 0.4533154698949175
2002 09 14 0.6929849541656257
2002 09 15 3.0540000368571523
2002 09 16 11.471340624776285
2002 09 17 6.365790267772783
2002 09 18 0.5141712952461944
2002 09 19 0.48328535224731806
2002 09 20 2.5729102041515604
2002 09 21 1.9180263714288093
2002 09 22 0.03499953645437502
2002 09 23 0.02479719260924964
2002 09 24 0.0
2002 09 25 0.014002334042854116
2002 09 26 0.10506730031241016
2002 09 27 1.40702629739863
2002 09 28 5.261762977365008
2002 09 29 2.2553137273428403
2002 09 30 2.4687993904282597
2003 06 01 0.4503810984380354
2003 06 02 5.487138638225606
2003 06 03 0.2042267526769396
2003 06 04 0.1745571588274791
2003 06 05 1.2067817820964126
2003 06 06 0.15052196807062565
2003 06 07 0.46803215580997126
2003 06 08 6.3246048682459115
2003 06 09 2.3129174306913076
2003 06 10 2.8944829794280422
2003 06 11 0.5491827416238446
2003 06 12 1.3202725881852475
2003 06 13 3.1709423773179806
2003 06 14 6.326096382162293
2003 06 15 7.6772673577826644
2003 06 16 7.248198627744834
2003 06 17 8.313988947701938
2003 06 18 9.83681397673291
2003 06 19 9.518625031948694
2003 06 20 16.699185807768462
2003 06 21 24.467808769439078
2003 06 22 22.51385926958268
2003 06 23 27.93569835317014
2003 06 24 15.12258386135404
2003 06 25 2.4983019009610725
2003 06 26 2.819575107642237
2003 06 27 3.2236347166339154
2003 06 28 4.888104204977225
2003 06 29 4.683399284551592
2003 06 30 3.2903315198754295
2003 07 01 4.407730383656654
2003 07 02 5.901135558744675
2003 07 03 3.2032731715873415
2003 07 04 6.059621115550777
2003 07 05 15.21765330702369
2003 07 06 16.674017021801266
2003 07 07 6.147444874539896
2003 07 08 1.9940234402639008
2003 07 09 2.8229116107606647
2003 07 10 3.431801466242916
2003 07 11 4.516951670198877
2003 07 12 5.623182508319163
2003 07 13 4.5375328244745425
2003 07 14 10.965838025215314
2003 07 15 16.080140088188468
2003 07 16 16.50875298489774
2003 07 17 13.177256567904791
2003 07 18 5.533048475643403
2003 07 19 6.005678125293121
2003 07 20 3.9996865394000474
2003 07 21 1.3375221147452514
2003 07 22 2.6516870225822258
2003 07 23 9.297869930412563
2003 07 24 9.559671155767997
2003 07 25 6.8555227686759785
2003 07 26 7.767280868013498
2003 07 27 6.923134982661548
2003 07 28 10.603018633983462
2003 07 29 10.750573629050086
2003 07 30 2.005106622305921
2003 07 31 4.941801033876269
2003 08 01 4.394431214079941
2003 08 02 9.60160322252869
2003 08 03 2.6082335221132045
2003 08 04 2.775317083079803
2003 08 05 3.4755492306073306
2003 08 06 5.09742575259832
2003 08 07 5.655054172094401
2003 08 08 8.85576338778595
2003 08 09 6.589078166309347
2003 08 10 3.1460585999988058
2003 08 11 1.3475342437549291
2003 08 12 1.6006021249264024
2003 08 13 3.2129050821141543
2003 08 14 5.286198400150096
2003 08 15 5.1357595872531085
2003 08 16 7.436531330425727
2003 08 17 2.3769180760317044
2003 08 18 7.433959738327767
2003 08 19 2.167686391451637
2003 08 20 2.170684652960845
2003 08 21 12.233353797705645
2003 08 22 14.990240349079752
2003 08 23 16.188833757176013
2003 08 24 7.907577514081135
2003 08 25 5.030984559866982
2003 08 26 4.692293737367325
2003 08 27 5.163040816670445
2003 08 28 3.6449844482435187
2003 08 29 1.8518248557817512
2003 08 30 1.6818492514303494
2003 08 31 3.7222511237723572
2003 09 01 7.780754240787574
2003 09 02 3.9082189513568952
2003 09 03 3.0815618952670074
2003 09 04 2.2613142894079843
2003 09 05 1.4945239741638832
2003 09 06 2.8134278013999694
2003 09 07 4.73891004413215
2003 09 08 1.5950065272562395
2003 09 09 0.9956488436097422
2003 09 10 3.2857058237727523
2003 09 11 0.7895470690076727
2003 09 12 0.49544057983734885
2003 09 13 0.4231158258951255
2003 09 14 1.0680828218532699
2003 09 15 0.7871659835280501
2003 09 16 1.3087530070679443
2003 09 17 1.4206301400504135
2003 09 18 3.212551720629489
2003 09 19 1.0860188452876764
2003 09 20 0.39064363999112606
2003 09 21 0.40034039700545637
2003 09 22 0.7918844223022461
2003 09 23 0.11013776131995438
2003 09 24 0.2017364135097126
2003 09 25 0.658830097937947
2003 09 26 3.3832419075185274
2003 09 27 0.7262324349680528
2003 09 28 0.5102637427182972
2003 09 29 3.254059016401998
2003 09 30 4.486312694771943
2004 06 01 9.364626423507778
2004 06 02 6.227136512320054
2004 06 03 6.6424367598773255
2004 06 04 5.004120361305735
2004 06 05 15.218859400316543
2004 06 06 16.552793657870463
2004 06 07 4.686754289844314
2004 06 08 11.517272798543049
2004 06 09 9.387782612957325
2004 06 10 19.881082157382203
2004 06 11 13.940195883477703
2004 06 12 11.792651598790878
2004 06 13 13.53179428401181
2004 06 14 17.30540461395749
2004 06 15 18.46983511435804
2004 06 16 16.821148147021756
2004 06 17 12.287336966070125
2004 06 18 8.979940953555749
2004 06 19 7.104640510632907
2004 06 20 1.5145089308622526
2004 06 21 0.7290977364793647
2004 06 22 0.3675528444009384
2004 06 23 0.16349673978417054
2004 06 24 1.2886932083041536
2004 06 25 1.5870231580613228
2004 06 26 2.7727171060094977
2004 06 27 3.358433070067827
2004 06 28 11.057670517507846
2004 06 29 9.823789901237197
2004 06 30 5.236775221860953
2004 07 01 3.848958826004551
2004 07 02 3.8257249825950805
2004 07 03 11.332421725360573
2004 07 04 10.908480763208443
2004 07 05 6.580641512451741
2004 07 06 1.5342620986745443
2004 07 07 1.5129085285636374
2004 07 08 7.215066355345818
2004 07 09 10.027502012283064
2004 07 10 14.02673721952638
2004 07 11 10.14697455202565
2004 07 12 7.983401476429199
2004 07 13 6.963644708284569
2004 07 14 5.043285386173555
2004 07 15 9.003954229696753
2004 07 16 11.587074522590878
2004 07 17 6.96474131695964
2004 07 18 2.2933595775045115
2004 07 19 1.3460975546143987
2004 07 20 3.0592530718460904
2004 07 21 3.891453060969181
2004 07 22 4.294612234467782
2004 07 23 5.270037659382457
2004 07 24 8.476366519738878
2004 07 25 11.919925044824932
2004 07 26 11.35695161587242
2004 07 27 7.301239704836141
2004 07 28 6.503152765371473
2004 07 29 7.795417848577354
2004 07 30 10.3570252097954
2004 07 31 6.154288874324505
2004 08 01 4.362565558082259
2004 08 02 5.52159760680598
2004 08 03 20.072657474633402
2004 08 04 44.40436400647091
2004 08 05 27.497243169108927
2004 08 06 16.38630721233974
2004 08 07 12.20502711556436
2004 08 08 7.964830545453251
2004 08 09 3.4652625295867776
2004 08 10 2.17388258628585
2004 08 11 1.4231458184153296
2004 08 12 6.1914894993837715
2004 08 13 17.815088525036266
2004 08 14 11.715529091391467
2004 08 15 7.947186571805913
2004 08 16 7.598888404856479
2004 08 17 6.127548220836874
2004 08 18 3.0877022500419375
2004 08 19 6.3140660149191845
2004 08 20 5.298412967151797
2004 08 21 2.44250493973191
2004 08 22 2.9413020366868996
2004 08 23 3.256439734987801
2004 08 24 2.19115433520472
2004 08 25 1.4296285378070652
2004 08 26 1.4754782507413535
2004 08 27 2.2537931509051226
2004 08 28 0.7427001689291243
2004 08 29 0.14451153235992198
2004 08 30 0.2738700107420762
2004 08 31 0.17982023916571274
2004 09 01 0.39739551928442746
2004 09 02 0.46658103183138794
2004 09 03 3.8885473802231894
2004 09 04 8.628763784763171
2004 09 05 1.9836538946870619
2004 09 06 10.456917727583557
2004 09 07 3.072372867749427
2004 09 08 1.808427520625785
2004 09 09 4.098713831058916
2004 09 10 4.466107285189144
2004 09 11 5.826947474464547
2004 09 12 4.933246435323342
2004 09 13 3.3042561638778842
2004 09 14 3.360352495978326
2004 09 15 9.428111958927309
2004 09 16 3.887544374629326
2004 09 17 1.4079955668013713
2004 09 18 7.017641635261817
2004 09 19 3.0998576575426884
2004 09 20 2.0517762126353793
2004 09 21 0.4971153928241149
2004 09 22 1.8560990893144897
2004 09 23 1.4078927336232312
2004 09 24 6.6646998426711495
2004 09 25 16.968778201090505
2004 09 26 6.818439576188623
2004 09 27 6.899613364018159
2004 09 28 8.407353851168894
2004 09 29 7.771443500850104
2004 09 30 0.9481311112566648
2005 06 01 5.090144341783173
2005 06 02 2.7181585642135686
2005 06 03 3.222152094474904
2005 06 04 2.082071655444082
2005 06 05 5.710110293275814
2005 06 06 8.94606094731746
2005 06 07 2.4413473376162766
2005 06 08 1.271391372049823
2005 06 09 3.375904291490008
2005 06 10 8.077247181444
2005 06 11 3.3538352991950693
2005 06 12 0.5124436361611192
2005 06 13 0.8552853608797044
2005 06 14 7.559501260821589
2005 06 15 1.8748609999260926
2005 06 16 2.0861969599642123
2005 06 17 13.968600160125549
2005 06 18 8.39506934556713
2005 06 19 12.845712056317305
2005 06 20 18.291248552992865
2005 06 21 24.56932504157427
2005 06 22 13.817233739468048
2005 06 23 8.121449546803376
2005 06 24 5.357114087884801
2005 06 25 6.135720555968393
2005 06 26 6.664739776156881
2005 06 27 8.51680091568056
2005 06 28 7.428570018201915
2005 06 29 6.702248576139738
2005 06 30 7.62508302155485
2005 07 01 22.20337127156669
2005 07 02 11.520527319292428
2005 07 03 9.041120685636997
2005 07 04 7.952627802522957
2005 07 05 14.329906213934047
2005 07 06 8.958130350572809
2005 07 07 9.218607921512598
2005 07 08 2.934160105884075
2005 07 09 4.854208638220269
2005 07 10 8.77374468902646
2005 07 11 7.1228563906577635
2005 07 12 4.53843514848179
2005 07 13 4.564528638714461
2005 07 14 4.225550234204319
2005 07 15 23.75245639091821
2005 07 16 7.4620182385223774
2005 07 17 17.65926162626235
2005 07 18 9.021018819495808
2005 07 19 5.069187062835027
2005 07 20 8.500443151910899
2005 07 21 5.291501691763473
2005 07 22 4.994452854590065
2005 07 23 7.677646277633113
2005 07 24 23.247143471982273
2005 07 25 24.4802094025509
2005 07 26 26.91414506298485
2005 07 27 17.777103370897056
2005 07 28 14.106303653892526
2005 07 29 13.691027521444154
2005 07 30 14.737769575288453
2005 07 31 22.76840697331023
2005 08 01 20.877457725101618
2005 08 02 23.838950140713738
2005 08 03 13.285488843010162
2005 08 04 11.364134335805318
2005 08 05 6.6535881976337
2005 08 06 4.471696423773233
2005 08 07 3.041819893315359
2005 08 08 2.1150529700411758
2005 08 09 3.979368840906826
2005 08 10 6.289768078756817
2005 08 11 6.323271957826494
2005 08 12 3.4520888762728212
2005 08 13 2.3121228179880204
2005 08 14 3.9398461199048813
2005 08 15 6.982771822643764
2005 08 16 13.449596543489072
2005 08 17 8.689269851420434
2005 08 18 4.832452081559878
2005 08 19 1.7226186937411425
2005 08 20 2.4037056917012647
2005 08 21 0.5257459470085081
2005 08 22 2.412036521407553
2005 08 23 1.1310773958560778
2005 08 24 13.855429961369728
2005 08 25 3.11348839554236
2005 08 26 6.305655511086665
2005 08 27 8.347151568433658
2005 08 28 20.333192350333416
2005 08 29 12.143166049218117
2005 08 30 6.555696969218363
2005 08 31 7.735826908029275
2005 09 01 4.516274878064993
2005 09 02 7.192371025000732
2005 09 03 14.281241422377262
2005 09 04 16.16160134600504
2005 09 05 17.84147798428832
2005 09 06 6.111141525549332
2005 09 07 8.24627266733477
2005 09 08 6.6825846972955665
2005 09 09 9.540379037484906
2005 09 10 5.1873401061910664
2005 09 11 14.115463270980694
2005 09 12 8.312606961518375
2005 09 13 7.7891877334432555
2005 09 14 6.362352710765631
2005 09 15 3.7524556782342455
2005 09 16 2.728573765813699
2005 09 17 0.529839467578733
2005 09 18 0.31524162868104005
2005 09 19 0.5356308440417807
2005 09 20 4.565341201114473
2005 09 21 6.427654826701595
2005 09 22 2.7443495066789203
2005 09 23 0.9349788925066818
2005 09 24 0.20630946596564376
2005 09 25 0.9703547097931658
2005 09 26 0.3900738211377018
2005 09 27 0.8245292613802827
2005 09 28 1.5627994319130927
2005 09 29 7.312258917743785
2005 09 30 1.6553102557731765
2006 06 01 13.77098240086875
2006 06 02 4.798230132362262
2006 06 03 4.957875880946967
2006 06 04 6.44351558659585
2006 06 05 5.001124491622
2006 06 06 5.626970993685843
2006 06 07 11.811190667529093
2006 06 08 10.691083684147614
2006 06 09 9.733417842366974
2006 06 10 5.640735300664369
2006 06 11 3.683504886963041
2006 06 12 4.319678290316901
2006 06 13 5.203903143100327
2006 06 14 8.960099501469111
2006 06 15 5.675967695371148
2006 06 16 8.6769999784564
2006 06 17 21.82316401631094
2006 06 18 4.878515149055398
2006 06 19 8.149629928058173
2006 06 20 15.950346097047559
2006 06 21 4.6757995295645625
2006 06 22 6.930911538980636
2006 06 23 7.14090937875249
2006 06 24 10.79534470566033
2006 06 25 11.868783543557685
2006 06 26 10.008748915178824
2006 06 27 6.185579337406582
2006 06 28 8.23585167383482
2006 06 29 12.28105895705332
2006 06 30 16.82385486613978
2006 07 01 7.935097090635203
2006 07 02 12.667221565688322
2006 07 03 19.001666203746336
2006 07 04 14.43542599205287
2006 07 05 8.1221354786439
2006 07 06 6.536110715326016
2006 07 07 6.295498067957496
2006 07 08 8.308596797703487
2006 07 09 3.8875392436376077
2006 07 10 3.998167953855798
2006 07 11 9.275161536514457
2006 07 12 8.748628352801813
2006 07 13 12.295373830660647
2006 07 14 10.702933547989971
2006 07 15 10.315657434389374
2006 07 16 7.94792520731385
2006 07 17 9.280238917447287
2006 07 18 9.885785978760211
2006 07 19 15.623909358332302
2006 07 20 13.158148982311566
2006 07 21 8.23188426387189
2006 07 22 4.674237057339721
2006 07 23 2.8062103919420145
2006 07 24 3.1989944691434125
2006 07 25 1.3299002751027267
2006 07 26 6.151759788999097
2006 07 27 12.661432894618075
2006 07 28 12.526364525335694
2006 07 29 9.837372232323068
2006 07 30 5.998976013608996
2006 07 31 3.5794480656684957
2006 08 01 4.1171619765044465
2006 08 02 2.862301444001307
2006 08 03 4.941224132470673
2006 08 04 8.450979853417667
2006 08 05 6.925309245280808
2006 08 06 5.336076128225641
2006 08 07 2.4190310754903077
2006 08 08 1.7243764855837458
2006 08 09 3.165319577237676
2006 08 10 8.288854164974339
2006 08 11 18.114059928218424
2006 08 12 24.15711207759713
2006 08 13 15.747268275220685
2006 08 14 17.757240809538036
2006 08 15 12.829270164676124
2006 08 16 17.955253813926337
2006 08 17 15.217613467785913
2006 08 18 9.095766969403337
2006 08 19 6.441035301703487
2006 08 20 6.312533714633605
2006 08 21 9.049614094538132
2006 08 22 4.831378844334995
2006 08 23 1.5480705234907606
2006 08 24 0.9000629690395394
2006 08 25 0.5492198024001823
2006 08 26 5.513326610934916
2006 08 27 2.0499586425154344
2006 08 28 2.1423591084135367
2006 08 29 3.23030082760426
2006 08 30 3.118550712157627
2006 08 31 1.7824102391673224
2006 09 01 2.180050605142177
2006 09 02 1.3778282198204002
2006 09 03 9.58590714300647
2006 09 04 2.651174535757394
2006 09 05 1.86943243277557
2006 09 06 0.5620157349533236
2006 09 07 4.246732958947039
2006 09 08 4.5692917059369496
2006 09 09 7.080300542833236
2006 09 10 16.994385135506615
2006 09 11 4.05074995703201
2006 09 12 13.085356300403625
2006 09 13 14.515704176223217
2006 09 14 12.532138755100632
2006 09 15 7.963542246349572
2006 09 16 11.492909913060023
2006 09 17 10.828874780706645
2006 09 18 6.535847915913248
2006 09 19 4.064305560729528
2006 09 20 4.602596936870348
2006 09 21 5.100180855030335
2006 09 22 6.7764295136111645
2006 09 23 1.4035589104225188
2006 09 24 2.705967307922804
2006 09 25 12.344973724505623
2006 09 26 12.359036600907443
2006 09 27 1.820672758263985
2006 09 28 2.75222934222766
2006 09 29 2.937092116263312
2006 09 30 4.45632617523525
2007 06 01 0.17198019448270652
2007 06 02 0.18771085475907107
2007 06 03 1.4464825398577046
2007 06 04 1.8215266121220468
2007 06 05 1.6341560464068718
2007 06 06 11.116700696725832
2007 06 07 8.703266237252558
2007 06 08 6.345873672042401
2007 06 09 4.103357297855283
2007 06 10 2.9353645358442657
2007 06 11 4.154927671485141
2007 06 12 9.69480213159837
2007 06 13 10.107657817792772
2007 06 14 4.1997921584070035
2007 06 15 7.964901111906555
2007 06 16 6.943668548603953
2007 06 17 6.755115162146273
2007 06 18 6.890928523454266
2007 06 19 12.060663285821223
2007 06 20 12.636834227758918
2007 06 21 8.66946152106003
2007 06 22 16.675439637627093
2007 06 23 49.3563814019113
2007 06 24 23.25114058703184
2007 06 25 7.769438370759717
2007 06 26 3.4954112964081885
2007 06 27 6.003329458878125
2007 06 28 8.676559596724317
2007 06 29 20.473835363757185
2007 06 30 23.392281089337345
2007 07 01 29.29624681878211
2007 07 02 25.044010197564127
2007 07 03 22.548711660058064
2007 07 04 19.432040686118725
2007 07 05 11.39079077318689
2007 07 06 8.280759176097545
2007 07 07 21.6878238423978
2007 07 08 10.394848344516634
2007 07 09 15.52461723635342
2007 07 10 15.480741160396997
2007 07 11 12.563137713649551
2007 07 12 9.090535794115308
2007 07 13 12.237563871868371
2007 07 14 10.347792842099206
2007 07 15 7.124679762851163
2007 07 16 18.87383248815833
2007 07 17 32.94168980805402
2007 07 18 18.545141290060155
2007 07 19 5.244011315597495
2007 07 20 10.936289386473936
2007 07 21 11.76637235559939
2007 07 22 4.289930669751567
2007 07 23 2.733664344599102
2007 07 24 2.451023743464257
2007 07 25 8.50225569682224
2007 07 26 3.1844345681785327
2007 07 27 5.321154504333656
2007 07 28 5.519272411081391
2007 07 29 5.721252369094016
2007 07 30 4.533408019521515
2007 07 31 5.192281006556477
2007 08 01 9.844649862138754
2007 08 02 5.110116278383938
2007 08 03 10.109807713798762
2007 08 04 9.61334940401582
2007 08 05 18.704008434932245
2007 08 06 31.60918735769497
2007 08 07 21.000503824938676
2007 08 08 16.833439175890483
2007 08 09 17.691602927665723
2007 08 10 23.49508136904179
2007 08 11 10.712413521738826
2007 08 12 5.758133561326767
2007 08 13 1.2982981037064858
2007 08 14 0.5774215102422661
2007 08 15 0.22520160451909613
2007 08 16 0.5453570170450937
2007 08 17 0.3486746056430836
2007 08 18 0.8712230203720519
2007 08 19 0.4986716727466148
2007 08 20 1.0087675879222489
2007 08 21 4.365144640358571
2007 08 22 16.761376127903233
2007 08 23 3.3763452117061856
2007 08 24 7.289794105261111
2007 08 25 21.550548754972855
2007 08 26 10.89624606693154
2007 08 27 5.598714787191546
2007 08 28 3.5693517799304826
2007 08 29 9.679399908156261
2007 08 30 9.536854723988451
2007 08 31 9.24445744925344
2007 09 01 6.116547098544044
2007 09 02 4.991071079020875
2007 09 03 13.718064048417329
2007 09 04 4.220174630130003
2007 09 05 7.393442962753591
2007 09 06 9.54141330703866
2007 09 07 4.620358706882158
2007 09 08 2.6634237717099603
2007 09 09 10.51466562651892
2007 09 10 18.765128431586444
2007 09 11 2.9540086343203704
2007 09 12 8.226346194252448
2007 09 13 8.333013559734155
2007 09 14 7.668362362508846
2007 09 15 15.120502753986925
2007 09 16 10.840832991572807
2007 09 17 10.191751723513386
2007 09 18 20.206431160723497
2007 09 19 8.016025528727752
2007 09 20 5.933715796750511
2007 09 21 3.125171077054769
2007 09 22 4.482809354886791
2007 09 23 5.906317337137188
2007 09 24 8.773531816975417
2007 09 25 18.80663995686824
2007 09 26 7.652491626703195
2007 09 27 1.6101918640702508
2007 09 28 2.9344552181623307
2007 09 29 2.9412616881244076
2007 09 30 2.81395357888816
2008 06 01 5.077050870142612
2008 06 02 11.148665329450884
2008 06 03 5.118913867449398
2008 06 04 1.8123701369474987
2008 06 05 2.945915311234554
2008 06 06 2.1718426065396534
2008 06 07 6.615404057169929
2008 06 08 5.327642634435353
2008 06 09 8.218213523553713
2008 06 10 9.32133253769675
2008 06 11 7.952808720281887
2008 06 12 11.156738051151866
2008 06 13 8.701740994898195
2008 06 14 5.195698788020817
2008 06 15 8.16377020222584
2008 06 16 4.562542289457648
2008 06 17 6.554137758797196
2008 06 18 6.102031669565264
2008 06 19 10.44004367598271
2008 06 20 3.026670080793993
2008 06 21 3.8290017110290866
2008 06 22 4.935182725831035
2008 06 23 8.176014215434869
2008 06 24 2.9660869716539
2008 06 25 2.6913108906618834
2008 06 26 6.029776407982492
2008 06 27 8.445396787472788
2008 06 28 12.410185392435432
2008 06 29 13.145810998106366
2008 06 30 16.940819694722062
2008 07 01 8.036876663187433
2008 07 02 11.650295297733418
2008 07 03 0.971258373505573
2008 07 04 0.7614382817055368
2008 07 05 1.3165205077925308
2008 07 06 2.1942152967534696
2008 07 07 4.859367088088529
2008 07 08 3.7671124103862015
2008 07 09 4.2640560462995225
2008 07 10 4.126817078608547
2008 07 11 3.13459738332608
2008 07 12 2.8624979075290224
2008 07 13 1.2818092998816881
2008 07 14 2.0502803844546302
2008 07 15 7.537170112586868
2008 07 16 16.74886798064418
2008 07 17 2.384859144763293
2008 07 18 4.557729362533783
2008 07 19 8.61124139055988
2008 07 20 2.120712850450864
2008 07 21 7.422065585133085
2008 07 22 6.120328957054215
2008 07 23 7.274801891618574
2008 07 24 5.928289602364078
2008 07 25 13.067829816209786
2008 07 26 11.75120712567102
2008 07 27 17.290399267929157
2008 07 28 32.559895233114055
2008 07 29 18.505975463782168
2008 07 30 19.17799903195219
2008 07 31 16.82541369525763
2008 08 01 8.326433883176238
2008 08 02 5.925108341736539
2008 08 03 1.9946997071129418
2008 08 04 5.183533129050647
2008 08 05 2.468297910380182
2008 08 06 4.20625010571504
2008 08 07 3.130960730580509
2008 08 08 5.627929453582025
2008 08 09 11.277107711559927
2008 08 10 23.22816628576989
2008 08 11 27.07752416105137
2008 08 12 22.735380051856115
2008 08 13 27.984052195918135
2008 08 14 13.62899485975504
2008 08 15 11.35512895568222
2008 08 16 3.397998345231042
2008 08 17 5.163128951025493
2008 08 18 5.88712954294258
2008 08 19 4.641404355048831
2008 08 20 3.338932939100689
2008 08 21 3.4693904733143484
2008 08 22 2.1268731301206016
2008 08 23 1.60153725970215
2008 08 24 1.1895844414452006
2008 08 25 2.5279028555614693
2008 08 26 11.587598785077255
2008 08 27 15.394194769148294
2008 08 28 19.46602412861616
2008 08 29 5.959593934342643
2008 08 30 7.348433094127529
2008 08 31 9.824048862995834
2008 09 01 16.946787606943683
2008 09 02 12.06749901538573
2008 09 03 6.078553524757098
2008 09 04 14.157029752728297
2008 09 05 6.7723319339873225
2008 09 06 8.593929002770615
2008 09 07 14.054634441957257
2008 09 08 4.994968367939068
2008 09 09 23.531543215935304
2008 09 10 11.571271154632424
2008 09 11 8.079119286712656
2008 09 12 5.6278916289509855
2008 09 13 6.584885946460787
2008 09 14 4.584258757380362
2008 09 15 4.877908397825236
2008 09 16 2.7299200057378274
2008 09 17 1.001477680986908
2008 09 18 0.5483357147668219
2008 09 19 1.0863727420038984
2008 09 20 5.709458342739168
2008 09 21 1.1005948882568912
2008 09 22 0.6260079001714736
2008 09 23 0.25603551648292444
2008 09 24 0.24666727912910094
2008 09 25 1.41412107408198
2008 09 26 0.42819797327070674
2008 09 27 0.018334439260705472
2008 09 28 0.4919792582767869
2008 09 29 0.05117351996717114
2008 09 30 0.3479612745004257
2009 06 01 6.9963683383870245
2009 06 02 3.059563779361962
2009 06 03 0.20494396939192933
2009 06 04 0.38256744336960885
2009 06 05 2.6421197792751534
2009 06 06 18.324600629281573
2009 06 07 16.875133527111885
2009 06 08 11.394283298913598
2009 06 09 3.9734602269863113
2009 06 10 1.62896881392462
2009 06 11 3.4928420376656626
2009 06 12 6.830091237265447
2009 06 13 3.7579048860269753
2009 06 14 4.494699479889143
2009 06 15 5.23892512985595
2009 06 16 3.3373380295062427
2009 06 17 5.019358768378417
2009 06 18 5.61974809515446
2009 06 19 6.2519985382932095
2009 06 20 6.680082394992034
2009 06 21 2.099072142527793
2009 06 22 3.1001723729414383
2009 06 23 2.7101435810705734
2009 06 24 2.9774534241650916
2009 06 25 4.726436923830037
2009 06 26 10.047747557992258
2009 06 27 3.261524142234156
2009 06 28 2.796163354352646
2009 06 29 3.7681330646657702
2009 06 30 7.362707934328142
2009 07 01 16.839861983953394
2009 07 02 14.590429552164174
2009 07 03 13.461523184543333
2009 07 04 18.807042596871174
2009 07 05 21.458009714553803
2009 07 06 21.28369051573543
2009 07 07 18.55122987128
2009 07 08 12.71580832644465
2009 07 09 19.45052283087055
2009 07 10 18.182833344878883
2009 07 11 8.21898049373312
2009 07 12 8.197878214535374
2009 07 13 8.755093528534555
2009 07 14 19.680627222442386
2009 07 15 26.020043805014662
2009 07 16 38.75412049205019
2009 07 17 39.51154577161001
2009 07 18 38.3424823583307
2009 07 19 10.776482526647863
2009 07 20 9.147845499784813
2009 07 21 5.498240073093303
2009 07 22 7.0348198277696135
2009 07 23 5.019440999982623
2009 07 24 3.16546895691586
2009 07 25 1.026815599445159
2009 07 26 0.8933418194957191
2009 07 27 3.555708570301835
2009 07 28 6.975924006081777
2009 07 29 11.844480283293628
2009 07 30 13.081273109931026
2009 07 31 5.850578817127622
2009 08 01 10.83397060689436
2009 08 02 4.073869998268973
2009 08 03 2.0730596539484063
2009 08 04 3.7683123066491886
2009 08 05 3.7064944868387304
2009 08 06 2.0190144375647385
2009 08 07 2.5910543917777575
2009 08 08 2.1852110115253383
2009 08 09 3.115272920748909
2009 08 10 2.6450711626389305
2009 08 11 3.8578021211672557
2009 08 12 4.185563685060455
2009 08 13 1.7530035715417813
2009 08 14 1.4396446256468138
2009 08 15 12.325786414787855
2009 08 16 2.242586544814146
2009 08 17 23.185149002498783
2009 08 18 6.592847337615369
2009 08 19 7.316864327012282
2009 08 20 2.640545612437471
2009 08 21 9.996736813015138
2009 08 22 13.720171951892109
2009 08 23 7.5013400647543405
2009 08 24 9.964971200804117
2009 08 25 7.790250800133962
2009 08 26 5.8490612538635425
2009 08 27 4.389999181712945
2009 08 28 3.381870907159324
2009 08 29 2.5761300165036003
2009 08 30 3.8128226976558035
2009 08 31 3.844174255007112
2009 09 01 8.675231475288493
2009 09 02 14.828385124805616
2009 09 03 5.997624502871847
2009 09 04 12.233972035461877
2009 09 05 18.535821175741667
2009 09 06 15.009559102621175
2009 09 07 9.007500821942001
2009 09 08 3.6601117830818075
2009 09 09 1.0190880073206074
2009 09 10 0.42813603489229524
2009 09 11 0.37545028075500186
2009 09 12 1.2579057029056064
2009 09 13 3.459588605778169
2009 09 14 21.46339449868892
2009 09 15 4.846827919599671
2009 09 16 8.79945973269074
2009 09 17 5.87139032943751
2009 09 18 14.139872750617224
2009 09 19 20.68479450213425
2009 09 20 12.108948657468794
2009 09 21 7.658527006768636
2009 09 22 10.469517402615644
2009 09 23 6.7221628442255374
2009 09 24 8.377975026741245
2009 09 25 6.980839025210305
2009 09 26 5.597602245884801
2009 09 27 3.8044754243290364
2009 09 28 6.47569376990426
2009 09 29 5.426790969020824
2009 09 30 5.215708874317293
2010 06 01 1.058979075912594
2010 06 02 1.378461614629339
2010 06 03 6.2203073313242285
2010 06 04 2.4828119768860377
2010 06 05 13.377143245020191
2010 06 06 6.766400078075186
2010 06 07 3.3472699709425724
2010 06 08 4.743118130994327
2010 06 09 4.01310797376076
2010 06 10 7.310978253026904
2010 06 11 7.625554932517751
2010 06 12 15.168205594388665
2010 06 13 27.407326126612986
2010 06 14 20.78370331719442
2010 06 15 16.474431707017917
2010 06 16 6.24569433742217
2010 06 17 10.145157382119125
2010 06 18 10.885223235840423
2010 06 19 5.8549234690475584
2010 06 20 4.288122017333653
2010 06 21 2.593285104836607
2010 06 22 2.5516128744646376
2010 06 23 6.423772867787913
2010 06 24 11.555429785006542
2010 06 25 9.52103883875203
2010 06 26 10.113883095533412
2010 06 27 11.12750910150672
2010 06 28 2.99188453938604
2010 06 29 12.945723024797319
2010 06 30 7.116394761628306
2010 07 01 4.912796132796005
2010 07 02 7.471205948081416
2010 07 03 8.068782699781323
2010 07 04 9.713977166654796
2010 07 05 11.466590559535522
2010 07 06 9.604021978635473
2010 07 07 8.335154040135103
2010 07 08 5.311273570479778
2010 07 09 9.84801187865474
2010 07 10 4.556008473227775
2010 07 11 15.633069005449714
2010 07 12 2.4637744263344006
2010 07 13 5.831586034051355
2010 07 14 2.6078255078968056
2010 07 15 2.43610026570141
2010 07 16 6.3367689082086995
2010 07 17 18.116140095261752
2010 07 18 6.5497431960429635
2010 07 19 9.72685137111221
2010 07 20 16.93084484645104
2010 07 21 11.210393261561538
2010 07 22 14.827380587001743
2010 07 23 3.7041247489337388
2010 07 24 3.6765153479908927
2010 07 25 8.073527693975395
2010 07 26 10.547256037819809
2010 07 27 12.009922611683153
2010 07 28 19.875371154000614
2010 07 29 20.04539153373181
2010 07 30 28.53174888134608
2010 07 31 14.249513914818086
2010 08 01 7.211090063534412
2010 08 02 2.571549198992059
2010 08 03 4.672927477146466
2010 08 04 16.593256038344148
2010 08 05 6.99232332741246
2010 08 06 3.9349544786181547
2010 08 07 4.497052676900086
2010 08 08 8.59848105154818
2010 08 09 3.5626614114959834
2010 08 10 2.201135183121952
2010 08 11 1.3843857818448604
2010 08 12 1.8568795500748654
2010 08 13 5.3564313728419055
2010 08 14 3.267340721969072
2010 08 15 1.3484077841270394
2010 08 16 12.116941721117133
2010 08 17 11.935408236411622
2010 08 18 5.256767286299752
2010 08 19 1.786355281314874
2010 08 20 3.1925678300449087
2010 08 21 18.382956386974016
2010 08 22 13.597976223844562
2010 08 23 2.789556980359978
2010 08 24 9.522724431405212
2010 08 25 18.25703104740472
2010 08 26 8.762280376429485
2010 08 27 7.837668808924063
2010 08 28 4.449000650213152
2010 08 29 6.768502914512218
2010 08 30 6.325759366268131
2010 08 31 17.705598410237865
2010 09 01 1.9114356768237153
2010 09 02 0.5746356973868941
2010 09 03 3.4536523617009824
2010 09 04 4.459278392042908
2010 09 05 1.5811022257214875
2010 09 06 2.0210565419366517
2010 09 07 5.438808814598824
2010 09 08 11.141471573997876
2010 09 09 6.042914438822548
2010 09 10 7.44885755666924
2010 09 11 14.550581710138902
2010 09 12 1.8593701428643943
2010 09 13 4.587759080688058
2010 09 14 6.944573960517566
2010 09 15 5.347862491525975
2010 09 16 5.455910276980872
2010 09 17 3.582252333801107
2010 09 18 1.9167334230115571
2010 09 19 1.661970507675016
2010 09 20 2.884550689251592
2010 09 21 1.6194875385177316
2010 09 22 13.277696126192657
2010 09 23 9.300361877997515
2010 09 24 12.3426053242635
2010 09 25 8.603450046464573
2010 09 26 11.481131090654939
2010 09 27 12.833386220832162
2010 09 28 5.630533921158858
2010 09 29 5.997267040542237
2010 09 30 1.2450072658319158
2011 06 01 7.693843618262238
2011 06 02 34.9934376073519
2011 06 03 22.911290442202297
2011 06 04 14.494540470997391
2011 06 05 15.915613976113384
2011 06 06 15.658608108645465
2011 06 07 14.891586219144957
2011 06 08 7.4502506557152355
2011 06 09 5.279289434328297
2011 06 10 8.766750752850232
2011 06 11 5.1910682175743394
2011 06 12 11.592953941241134
2011 06 13 9.521609720958368
2011 06 14 23.697413472165614
2011 06 15 15.267799504214738
2011 06 16 6.2644885739850515
2011 06 17 13.201299409424593
2011 06 18 16.390141598237346
2011 06 19 5.05977312316598
2011 06 20 1.7946808950096218
2011 06 21 2.172044260625912
2011 06 22 2.298483255172744
2011 06 23 9.391524858810575
2011 06 24 9.380636555591815
2011 06 25 12.599686431514128
2011 06 26 21.047218603682396
2011 06 27 20.796916408133384
2011 06 28 14.972563460998728
2011 06 29 4.264367883656231
2011 06 30 3.7667313200719463
2011 07 01 4.093629296055905
2011 07 02 13.017752483978791
2011 07 03 3.6038118299796498
2011 07 04 2.09687189031676
2011 07 05 6.690475110399541
2011 07 06 11.705652247641595
2011 07 07 8.78454898165416
2011 07 08 4.130833022258608
2011 07 09 1.8328982954324804
2011 07 10 1.9928720436876801
2011 07 11 9.550689920593943
2011 07 12 8.791101104414402
2011 07 13 11.456039331777749
2011 07 14 14.98626956744545
2011 07 15 16.15369890596207
2011 07 16 18.46810075383501
2011 07 17 45.05638787982428
2011 07 18 23.858551153601123
2011 07 19 23.20610349258493
2011 07 20 7.936822582168627
2011 07 21 7.971003374434667
2011 07 22 10.646908555992969
2011 07 23 9.473827780427666
2011 07 24 11.455943017819811
2011 07 25 13.637267440406198
2011 07 26 14.888008361843031
2011 07 27 13.03271919685572
2011 07 28 3.0105450113261414
2011 07 29 4.182685988392624
2011 07 30 9.80598202090578
2011 07 31 9.161097920031716
2011 08 01 6.802267407138033
2011 08 02 10.325006963826981
2011 08 03 19.009297353286428
2011 08 04 15.816133687111932
2011 08 05 14.75055276844556
2011 08 06 24.758532668960274
2011 08 07 31.262259115044234
2011 08 08 10.844094032336614
2011 08 09 14.253972034617728
2011 08 10 8.696633175166731
2011 08 11 8.179934900991505
2011 08 12 12.627023570466465
2011 08 13 13.338462746914873
2011 08 14 3.1752955897659216
2011 08 15 1.3447512451010912
2011 08 16 16.617371365390152
2011 08 17 8.546976269955563
2011 08 18 21.548496254809617
2011 08 19 12.82788306917182
2011 08 20 6.452096866963781
2011 08 21 14.090085478754817
2011 08 22 2.3321597723261958
2011 08 23 4.992164169093074
2011 08 24 3.2548567970770264
2011 08 25 4.370309244822427
2011 08 26 4.437808666094608
2011 08 27 5.723336194977542
2011 08 28 4.612929456389797
2011 08 29 5.623778312301575
2011 08 30 12.596372020615236
2011 08 31 15.645779404202996
2011 09 01 29.28484611890189
2011 09 02 20.988584640364962
2011 09 03 32.701292779466826
2011 09 04 12.832447891610528
2011 09 05 3.883433939198855
2011 09 06 2.2726919970234034
2011 09 07 5.900400745989708
2011 09 08 4.18724484775726
2011 09 09 7.660210404034496
2011 09 10 5.953562460121164
2011 09 11 11.502715877772587
2011 09 12 4.017596915364265
2011 09 13 15.182693763205847
2011 09 14 11.218273261249973
2011 09 15 8.629737158225575
2011 09 16 15.604339495112146
2011 09 17 1.0940447791957009
2011 09 18 1.248022057380773
2011 09 19 4.898185961591411
2011 09 20 10.099896680053115
2011 09 21 3.114403179681241
2011 09 22 2.288641546696878
2011 09 23 0.6943821355624853
2011 09 24 0.02584471020299166
2011 09 25 0.08335697597961135
2011 09 26 0.00962284199780014
2011 09 27 0.019194133731011812
2011 09 28 0.0665402059173826
2011 09 29 0.003917405069782044
2011 09 30 0.017217868778306215
2012 06 01 0.05248138792623723
2012 06 02 1.5096534838531224
2012 06 03 0.7387952736110857
2012 06 04 4.268156344288497
2012 06 05 12.387435425848222
2012 06 06 16.349748202386845
2012 06 07 20.457927174374536
2012 06 08 9.71208320527815
2012 06 09 2.1041744126735
2012 06 10 6.151341786768836
2012 06 11 1.581091091868841
2012 06 12 6.698704037645141
2012 06 13 9.553927550158525
2012 06 14 8.754020973056706
2012 06 15 4.621291538482995
2012 06 16 8.416607628392084
2012 06 17 18.14428825668877
2012 06 18 47.97778553534583
2012 06 19 36.06409243641771
2012 06 20 20.349581283966298
2012 06 21 10.692070879760733
2012 06 22 5.43478010806638
2012 06 23 4.449404607569505
2012 06 24 2.235818825094833
2012 06 25 4.658185171899457
2012 06 26 1.5415440516423453
2012 06 27 8.131826978649585
2012 06 28 17.136876060348477
2012 06 29 17.86222945981976
2012 06 30 7.19495064958098
2012 07 01 3.7055541890375507
2012 07 02 18.33267456467079
2012 07 03 19.957224118414565
2012 07 04 6.5483520003744795
2012 07 05 5.840407476169506
2012 07 06 1.5958410687555515
2012 07 07 3.3187887091851476
2012 07 08 7.806440641810446
2012 07 09 5.534373169320489
2012 07 10 19.151874177800824
2012 07 11 6.698145175721439
2012 07 12 7.561021704510384
2012 07 13 1.4673864466284738
2012 07 14 4.726931546129248
2012 07 15 6.786273205189535
2012 07 16 10.807517907908423
2012 07 17 5.389932197173537
2012 07 18 7.0683471523036205
2012 07 19 3.117974946757561
2012 07 20 1.9269779626715002
2012 07 21 6.802024204491964
2012 07 22 18.62944320214884
2012 07 23 8.533547858296313
2012 07 24 9.437465112523984
2012 07 25 4.0316690663774
2012 07 26 14.229834493495487
2012 07 27 14.042004044323706
2012 07 28 9.818168337272509
2012 07 29 7.968724925997596
2012 07 30 2.9545759189552463
2012 07 31 2.3079245225880958
2012 08 01 4.274581960010044
2012 08 02 4.242016788364062
2012 08 03 4.218733838556079
2012 08 04 9.625428687005781
2012 08 05 7.666345757276273
2012 08 06 12.287796604981278
2012 08 07 33.01228417758712
2012 08 08 13.445340174557593
2012 08 09 15.787698605754956
2012 08 10 16.121241045217527
2012 08 11 16.61194277290009
2012 08 12 13.847844117713459
2012 08 13 6.204498760591304
2012 08 14 2.164371813765637
2012 08 15 5.622206496897385
2012 08 16 3.939234897040474
2012 08 17 8.267132239368966
2012 08 18 12.604607972472452
2012 08 19 6.117220081010748
2012 08 20 1.1932723875048803
2012 08 21 1.1620336448783197
2012 08 22 1.5644453845275235
2012 08 23 1.4706386029720306
2012 08 24 18.479913808140658
2012 08 25 11.495280807204356
2012 08 26 25.99470338618695
2012 08 27 8.40279340812095
2012 08 28 17.41929878453313
2012 08 29 16.118939816308806
2012 08 30 19.284447896828507
2012 08 31 15.847679502316538
2012 09 01 16.463885028728374
2012 09 02 8.287800048019378
2012 09 03 10.736995561057844
2012 09 04 19.48629866529086
2012 09 05 11.913026268258312
2012 09 06 3.0324356332421303
2012 09 07 3.5549553605127455
2012 09 08 3.813815068585921
2012 09 09 6.246742163855715
2012 09 10 11.478059404770734
2012 09 11 3.7202293645912015
2012 09 12 9.276830781761765
2012 09 13 7.227352615918605
2012 09 14 6.955476432282308
2012 09 15 5.459414957365409
2012 09 16 3.4464539382512194
2012 09 17 3.928557538630696
2012 09 18 2.231248057622292
2012 09 19 2.625925001154091
2012 09 20 0.8597830051395494
2012 09 21 0.014365412786527334
2012 09 22 0.5293777736688628
2012 09 23 0.006555276171205007
2012 09 24 0.0
2012 09 25 0.006555276171205007
2012 09 26 0.0
2012 09 27 2.507950711636071
2012 09 28 6.726001510954448
2012 09 29 6.266352218041566
2012 09 30 2.0352260092944663
2013 06 01 30.608754187141578
2013 06 02 7.821160285454716
2013 06 03 13.547631765758325
2013 06 04 3.3421942303477206
2013 06 05 2.4174843570075666
2013 06 06 2.039215720509212
2013 06 07 10.061096086682099
2013 06 08 6.454224396667202
2013 06 09 12.478785390554346
2013 06 10 4.248789527581125
2013 06 11 13.218265277177549
2013 06 12 14.528222209419393
2013 06 13 9.616137871206714
2013 06 14 13.08778368817822
2013 06 15 11.384963378650585
2013 06 16 20.580634031161136
2013 06 17 18.94400193111092
2013 06 18 20.951566887385955
2013 06 19 8.407308774853721
2013 06 20 13.615751885596266
2013 06 21 3.0954046622296882
2013 06 22 12.463426194744667
2013 06 23 16.469554682219695
2013 06 24 13.831371461150004
2013 06 25 23.698441987261553
2013 06 26 22.74690157923904
2013 06 27 14.99295124056073
2013 06 28 6.155011324486152
2013 06 29 5.553096769916527
2013 06 30 0.8586457159918577
2013 07 01 3.567258452703505
2013 07 02 8.804732215964249
2013 07 03 28.073844462708774
2013 07 04 34.218387919747585
2013 07 05 13.47117324631075
2013 07 06 12.876299923749139
2013 07 07 11.787039738129542
2013 07 08 7.118965969813354
2013 07 09 6.211778690026799
2013 07 10 9.316615664906006
2013 07 11 13.964498035723183
2013 07 12 10.877503375224958
2013 07 13 11.058424997223815
2013 07 14 8.158230875198006
2013 07 15 4.927921179738747
2013 07 16 7.125364015512358
2013 07 17 12.02222917221373
2013 07 18 10.969812520982952
2013 07 19 19.14314300967806
2013 07 20 25.867480244582076
2013 07 21 18.02567023738538
2013 07 22 11.488646671932361
2013 07 23 11.424140428150366
2013 07 24 15.948924922020302
2013 07 25 17.156605706602182
2013 07 26 17.821886560449443
2013 07 27 13.491074789901676
2013 07 28 15.704086673706014
2013 07 29 10.282222382535185
2013 07 30 1.482133636430738
2013 07 31 8.95814674880904
2013 08 01 14.409517760506741
2013 08 02 30.36494821623951
2013 08 03 13.090136507856966
2013 08 04 10.883032946568456
2013 08 05 17.504339423162985
2013 08 06 13.642945203154826
2013 08 07 5.769847721315277
2013 08 08 4.220946134422636
2013 08 09 4.240093500178477
2013 08 10 3.1685546780298206
2013 08 11 4.451903619515109
2013 08 12 3.7276689642803924
2013 08 13 2.1941120655554807
2013 08 14 5.923131545031737
2013 08 15 2.8265809102863226
2013 08 16 6.14455302903041
2013 08 17 7.466292766636701
2013 08 18 4.463206113292481
2013 08 19 6.334338013139473
2013 08 20 2.613764650212024
2013 08 21 4.848148241903878
2013 08 22 3.2536850601510348
2013 08 23 3.0314189017877964
2013 08 24 2.8257688516136352
2013 08 25 3.893480989836194
2013 08 26 1.4974479435512862
2013 08 27 1.7159787169492184
2013 08 28 0.9946802146543706
2013 08 29 2.3450434712816013
2013 08 30 2.218119884051647
2013 08 31 7.652007467212713
2013 09 01 6.63981558359819
2013 09 02 11.606289054687858
2013 09 03 10.665973120080638
2013 09 04 7.120586873840559
2013 09 05 2.049735898747662
2013 09 06 6.925795179370999
2013 09 07 10.064456227013302
2013 09 08 9.771743315012019
2013 09 09 14.682911224776719
2013 09 10 5.631799159164961
2013 09 11 8.187224988972172
2013 09 12 10.957028728035198
2013 09 13 23.555699839885463
2013 09 14 8.0307030564713
2013 09 15 10.202578912985507
2013 09 16 8.879257731744783
2013 09 17 6.677262231707573
2013 09 18 14.181267733274378
2013 09 19 10.000443953774907
2013 09 20 7.479988710340207
2013 09 21 7.4769307005072605
2013 09 22 3.1377112553431297
2013 09 23 0.2243539077905834
2013 09 24 0.654069460361137
2013 09 25 1.5468300340820085
2013 09 26 0.28791923200721065
2013 09 27 0.2689370500103471
2013 09 28 0.17918608553215937
2013 09 29 0.45133730031663394
2013 09 30 1.9404457635080754
2014 06 01 4.525570565295704
2014 06 02 0.2537434579908545
2014 06 03 21.486012687159675
2014 06 04 0.355359619719728
2014 06 05 2.7922193030566733
2014 06 06 6.2061756874628475
2014 06 07 2.8730564898797097
2014 06 08 2.4805162942349
2014 06 09 4.142771535869782
2014 06 10 4.372485468154632
2014 06 11 8.531221960174856
2014 06 12 8.916895571169514
2014 06 13 9.192148429752908
2014 06 14 3.574876095475582
2014 06 15 2.6102003129530074
2014 06 16 1.2889033724662615
2014 06 17 8.730718451027338
2014 06 18 5.521781360550883
2014 06 19 16.476705087320454
2014 06 20 14.008448801140494
2014 06 21 14.239808851654457
2014 06 22 12.559900160935626
2014 06 23 3.222636494010233
2014 06 24 3.5339496646284454
2014 06 25 1.3712506631606727
2014 06 26 0.4811094767097289
2014 06 27 0.003673445149726674
2014 06 28 0.9666265741671403
2014 06 29 2.9424788145925187
2014 06 30 4.549143509816397
2014 07 01 8.068556161550095
2014 07 02 7.670897261745433
2014 07 03 0.643698148467214
2014 07 04 0.48286255127584876
2014 07 05 1.9063158346916818
2014 07 06 8.415741201206512
2014 07 07 2.139376652271009
2014 07 08 4.0274135999495
2014 07 09 3.0795813820083735
2014 07 10 13.525712097470228
2014 07 11 14.237659824000398
2014 07 12 7.364021021702568
2014 07 13 25.41463071985293
2014 07 14 24.774190432983
2014 07 15 19.669810105058446
2014 07 16 17.079333312279985
2014 07 17 11.491657407680139
2014 07 18 6.195052874042903
2014 07 19 14.586665997120935
2014 07 20 18.654586151166615
2014 07 21 14.698628251473917
2014 07 22 14.836436706070367
2014 07 23 20.03682715680242
2014 07 24 20.9112073423218
2014 07 25 12.070250430347652
2014 07 26 11.158471524753244
2014 07 27 8.657808609079892
2014 07 28 8.30924469202303
2014 07 29 6.679495206263465
2014 07 30 5.743760329969038
2014 07 31 19.742222010673302
2014 08 01 35.467945794995664
2014 08 02 27.13638551374377
2014 08 03 9.7918186930533
2014 08 04 15.891752805655377
2014 08 05 16.61096351998409
2014 08 06 23.358308732660895
2014 08 07 16.04757686708179
2014 08 08 5.540401585362284
2014 08 09 8.998101774508578
2014 08 10 5.994916665826352
2014 08 11 5.286584142311878
2014 08 12 14.137734197533979
2014 08 13 4.268729509057732
2014 08 14 3.369813640937587
2014 08 15 3.956854130070524
2014 08 16 1.2799425792648707
2014 08 17 1.3143411134251484
2014 08 18 5.546665928804027
2014 08 19 16.736120035389657
2014 08 20 7.360906356595797
2014 08 21 7.4916659201386615
2014 08 22 9.93952381902086
2014 08 23 24.697356370462078
2014 08 24 10.081214593940883
2014 08 25 2.8650425003869886
2014 08 26 4.8287264131728165
2014 08 27 2.3761160016665
2014 08 28 6.979780663693617
2014 08 29 8.456400892872193
2014 08 30 12.041430748999119
2014 08 31 15.59909686639073
2014 09 01 14.031024055319087
2014 09 02 12.858946188225358
2014 09 03 7.930190517855477
2014 09 04 6.530306437331711
2014 09 05 4.7800796131797245
2014 09 06 5.882609756313605
2014 09 07 8.609383710560762
2014 09 08 4.020617897248813
2014 09 09 4.829241307669787
2014 09 10 1.1322328531500048
2014 09 11 1.5560767639636388
2014 09 12 0.3687181836230501
2014 09 13 0.8369479577250892
2014 09 14 1.759237438667244
2014 09 15 6.5749381805207525
2014 09 16 2.186766308916704
2014 09 17 2.2387065936995643
2014 09 18 0.431119351141949
2014 09 19 1.3971583596265256
2014 09 20 4.41284465441849
2014 09 21 1.3374068772581023
2014 09 22 0.9440081330952306
2014 09 23 15.3517293616146
2014 09 24 12.666368164235566
2014 09 25 12.913290788603918
2014 09 26 15.024508581473137
2014 09 27 10.630416016931159
2014 09 28 6.911131495184402
2014 09 29 18.952972971394583
2014 09 30 7.887644152313017
2015 06 01 11.987044175944957
2015 06 02 4.517704983804432
2015 06 03 4.542275308806279
2015 06 04 8.01410822940962
2015 06 05 10.201076466798177
2015 06 06 2.4072248033309345
2015 06 07 0.16112901308209762
2015 06 08 3.956882538302296
2015 06 09 4.272572977629108
2015 06 10 7.4064166210780895
2015 06 11 2.652104796756645
2015 06 12 9.206409063927715
2015 06 13 4.124747362498402
2015 06 14 6.988190282495494
2015 06 15 2.195606043004445
2015 06 16 4.170424717861383
2015 06 17 5.085221080648415
2015 06 18 6.374093202278396
2015 06 19 9.807377376380911
2015 06 20 19.56991819175064
2015 06 21 17.96333756324301
2015 06 22 24.639903295652818
2015 06 23 19.079778801214875
2015 06 24 19.499741673015702
2015 06 25 16.359832397421
2015 06 26 23.885670143751625
2015 06 27 18.49726711319485
2015 06 28 7.666005395768862
2015 06 29 3.0225082185819065
2015 06 30 7.029309191755232
2015 07 01 2.013336447743595
2015 07 02 1.5986616727588745
2015 07 03 2.3128708334743675
2015 07 04 2.5480428410665636
2015 07 05 2.3267646999226
2015 07 06 1.0632566445823854
2015 07 07 0.5357137245272622
2015 07 08 4.47872620423887
2015 07 09 9.797545086044043
2015 07 10 9.452608845182482
2015 07 11 7.560535062236834
2015 07 12 6.089333220635574
2015 07 13 2.34885186887332
2015 07 14 0.7826661837812002
2015 07 15 6.1056148197293885
2015 07 16 5.0502190987395155
2015 07 17 6.685844672021225
2015 07 18 20.808028946143722
2015 07 19 18.105535062890368
2015 07 20 20.857026732134337
2015 07 21 8.610505741032853
2015 07 22 6.620490336478664
2015 07 23 10.01133131977114
2015 07 24 9.855319812515665
2015 07 25 2.5938963179812213
2015 07 26 4.551602113935245
2015 07 27 4.775742659751836
2015 07 28 2.9417418303904195
2015 07 29 0.8209294769818407
2015 07 30 0.17429265716505535
2015 07 31 1.5756185559300602
2015 08 01 2.6390112532955134
2015 08 02 4.770123553117217
2015 08 03 2.4889861562000917
2015 08 04 6.428332228156818
2015 08 05 5.994401188746926
2015 08 06 7.7875324095112415
2015 08 07 6.18378668149867
2015 08 08 6.567442417296056
2015 08 09 6.182587190025349
2015 08 10 4.511770479494545
2015 08 11 8.264024014438167
2015 08 12 7.877653421862476
2015 08 13 7.215596294569485
2015 08 14 4.434946698585742
2015 08 15 3.2719449394094156
2015 08 16 5.3463138082835275
2015 08 17 12.068902863690695
2015 08 18 6.004874409984816
2015 08 19 11.017791602666003
2015 08 20 2.2242129054771462
2015 08 21 7.468025041186265
2015 08 22 10.807081580199869
2015 08 23 9.886233897681164
2015 08 24 4.001446917880005
2015 08 25 1.2859162496128662
2015 08 26 0.22219591273874195
2015 08 27 5.679765128847306
2015 08 28 4.519583437497241
2015 08 29 0.24317588169260074
2015 08 30 0.6470176019341812
2015 08 31 0.6323922999241025
2015 09 01 0.2237184772334123
2015 09 02 0.49839456315119257
2015 09 03 0.3018161836765744
2015 09 04 3.496338885674622
2015 09 05 10.310137798830034
2015 09 06 13.80678122411222
2015 09 07 20.69490283031754
2015 09 08 21.49553245646397
2015 09 09 3.322660812266587
2015 09 10 2.91413432650911
2015 09 11 2.4702259401606423
2015 09 12 0.6291626782964934
2015 09 13 0.5324180462790019
2015 09 14 0.9738350667929286
2015 09 15 2.859140082475195
2015 09 16 6.1455905373175135
2015 09 17 4.7463065027282925
2015 09 18 1.2364999279758047
2015 09 19 3.37136604712548
2015 09 20 4.39027578364774
2015 09 21 2.4401159069789244
2015 09 22 0.13951147654032345
2015 09 23 0.7859683938437912
2015 09 24 2.0718692401187675
2015 09 25 18.763904374868133
2015 09 26 9.800269878606505
2015 09 27 3.9228279288801446
2015 09 28 19.570083946594732
2015 09 29 4.332773062178326
2015 09 30 13.829561945637169
2016 06 01 8.948223571638165
2016 06 02 11.84499008885495
2016 06 03 4.3865713942701445
2016 06 04 5.6041157722170585
2016 06 05 5.1053562417702025
2016 06 06 6.51495997982128
2016 06 07 4.329701374705673
2016 06 08 7.277514579975363
2016 06 09 18.26186081192215
2016 06 10 11.418875825964859
2016 06 11 8.787291419460688
2016 06 12 4.131703429756128
2016 06 13 4.771436868093643
2016 06 14 4.7262205188044435
2016 06 15 2.861429857118481
2016 06 16 3.4710792108689468
2016 06 17 6.445697419345379
2016 06 18 3.4751106179910263
2016 06 19 7.988402133892635
2016 06 20 4.291130765251399
2016 06 21 6.942852274491097
2016 06 22 6.593951166772903
2016 06 23 15.865361635908863
2016 06 24 5.995152761866598
2016 06 25 4.754336684261482
2016 06 26 3.913779598882961
2016 06 27 8.682799214260832
2016 06 28 16.618204222566586
2016 06 29 30.29649938741311
2016 06 30 18.453829486131063
2016 07 01 8.592492514152818
2016 07 02 5.8544152222082095
2016 07 03 7.663404022603471
2016 07 04 11.99710470165698
2016 07 05 16.102949331178884
2016 07 06 6.7580778001226145
2016 07 07 10.567874420188405
2016 07 08 4.298829865826265
2016 07 09 8.586411299590532
2016 07 10 12.46882536670732
2016 07 11 13.486318889419136
2016 07 12 8.711212323742167
2016 07 13 7.505889651965974
2016 07 14 4.755109923972091
2016 07 15 5.338502284687788
2016 07 16 8.606732608551907
2016 07 17 9.372670785727234
2016 07 18 6.194401098008688
2016 07 19 5.722612960576104
2016 07 20 1.39378660898372
2016 07 21 6.538855519845401
2016 07 22 6.188992035192282
2016 07 23 6.350968786302557
2016 07 24 7.930908972198891
2016 07 25 4.722790415100943
2016 07 26 12.771033129678463
2016 07 27 9.892167470214634
2016 07 28 8.808737695670976
2016 07 29 19.749481414477838
2016 07 30 5.062346030234686
2016 07 31 8.235341325704821
2016 08 01 2.021321185538309
2016 08 02 3.7473530858225628
2016 08 03 3.0513536384716855
2016 08 04 3.7746544925089416
2016 08 05 9.2955279798072
2016 08 06 6.538560863224988
2016 08 07 5.1981257772839005
2016 08 08 5.119793357582867
2016 08 09 3.2095088447032847
2016 08 10 3.772433828354487
2016 08 11 2.0708051917667922
2016 08 12 2.973698394287964
2016 08 13 5.395237236004795
2016 08 14 3.3364614484273845
2016 08 15 3.548865697256805
2016 08 16 4.9859047810060115
2016 08 17 3.83827684759186
2016 08 18 7.021620405922989
2016 08 19 4.7879885181708985
2016 08 20 1.435521258844942
2016 08 21 0.6526606506502568
2016 08 22 1.7794618581606048
2016 08 23 2.322102980111456
2016 08 24 5.887947158727246
2016 08 25 1.7341950986212886
2016 08 26 2.81947426456334
2016 08 27 4.04340231864888
2016 08 28 5.086495534606694
2016 08 29 2.613774801344436
2016 08 30 3.0620491678642137
2016 08 31 10.29641840807375
2016 09 01 6.572737467243587
2016 09 02 1.5323708347484546
2016 09 03 2.1443375002989913
2016 09 04 1.4155042058395855
2016 09 05 0.5879949045362811
2016 09 06 0.5343555900726826
2016 09 07 1.5116024828577406
2016 09 08 0.3895483841070064
2016 09 09 0.4561557888530838
2016 09 10 0.5718682316807926
2016 09 11 1.3094982873591674
2016 09 12 0.35454932819616974
2016 09 13 0.7801213516726107
2016 09 14 2.6696430207584716
2016 09 15 4.9927701147528465
2016 09 16 3.991537663991076
2016 09 17 3.097120450421941
2016 09 18 0.802699177322654
2016 09 19 1.4884217262343706
2016 09 20 0.5973921232870992
2016 09 21 1.6797379183436407
2016 09 22 4.737488035774473
2016 09 23 1.8576633582638604
2016 09 24 4.140245323631969
2016 09 25 2.619436768937837
2016 09 26 2.9475858771256385
2016 09 27 1.9002165677508123
2016 09 28 1.1884477348421432
2016 09 29 3.1474088684178247
2016 09 30 2.498105530357603
2017 06 01 3.2929271422515667
2017 06 02 4.0776912259495806
2017 06 03 5.463801761947307
2017 06 04 3.319648100866884
2017 06 05 3.553524517014547
2017 06 06 8.499016337210152
2017 06 07 7.598319797535535
2017 06 08 2.975174944261609
2017 06 09 2.6574053242424416
2017 06 10 5.326679949303569
2017 06 11 17.020621562594084
2017 06 12 15.212831942147107
2017 06 13 7.8564135530197685
2017 06 14 6.622195329006553
2017 06 15 2.038542694322349
2017 06 16 2.8945809677243233
2017 06 17 5.8243921619230115
2017 06 18 1.2047667826341493
2017 06 19 2.0520612487786916
2017 06 20 1.9049261753556086
2017 06 21 4.5576824405925525
2017 06 22 3.0643081501655773
2017 06 23 3.8368199211238
2017 06 24 8.84281330491383
2017 06 25 11.533634037006324
2017 06 26 18.42772668157586
2017 06 27 18.590008569928596
2017 06 28 15.042104753745994
2017 06 29 6.344730925174232
2017 06 30 5.948337890396869
2017 07 01 6.3052365641076555
2017 07 02 8.183884740367455
2017 07 03 6.8796532170724145
2017 07 04 5.953860185057076
2017 07 05 4.104945929522442
2017 07 06 6.168163421908914
2017 07 07 4.401775285412515
2017 07 08 4.555959836631862
2017 07 09 2.33529862126118
2017 07 10 3.704632574569453
2017 07 11 3.578331665414844
2017 07 12 3.165776928707125
2017 07 13 3.084813089540162
2017 07 14 10.472427302772926
2017 07 15 5.7871792587229445
2017 07 16 5.2494013985325845
2017 07 17 4.565181992834595
2017 07 18 9.461120184681137
2017 07 19 17.61714521179042
2017 07 20 25.10426295688612
2017 07 21 9.176812918809464
2017 07 22 8.05431982262183
2017 07 23 2.208317153193624
2017 07 24 2.7307664943376775
2017 07 25 2.566764459770343
2017 07 26 1.5381079203056804
2017 07 27 2.0459731852796477
2017 07 28 6.663659449685649
2017 07 29 4.552767302179094
2017 07 30 2.8860361043950022
2017 07 31 5.484232987924881
2017 08 01 6.801553190057048
2017 08 02 4.158982237961692
2017 08 03 2.1296678165418244
2017 08 04 13.444133230272284
2017 08 05 12.124089043001232
2017 08 06 9.011186159693347
2017 08 07 5.316841741655079
2017 08 08 4.609253339734174
2017 08 09 4.42648600711284
2017 08 10 10.747912275080148
2017 08 11 3.649537353648752
2017 08 12 10.411137860892389
2017 08 13 1.5612533227516916
2017 08 14 0.693038744142818
2017 08 15 12.66961124857065
2017 08 16 10.410190036756738
2017 08 17 5.669537563690074
2017 08 18 7.933512680951109
2017 08 19 12.384267580842003
2017 08 20 11.01108260021597
2017 08 21 14.530186268430072
2017 08 22 12.10441290806544
2017 08 23 2.4657226985481184
2017 08 24 5.908223500711664
2017 08 25 6.537372488698681
2017 08 26 2.732897734846258
2017 08 27 13.959670121597155
2017 08 28 12.124510358205907
2017 08 29 19.409224423055115
2017 08 30 12.116347742829529
2017 08 31 2.4372045161003992
2017 09 01 2.7450911904198265
2017 09 02 15.29146877006831
2017 09 03 13.896111517766405
2017 09 04 3.583188360528595
2017 09 05 13.040787278319979
2017 09 06 15.068370593683369
2017 09 07 6.737517397831842
2017 09 08 8.581250346365012
2017 09 09 17.053740042947272
2017 09 10 19.161035001845228
2017 09 11 5.424509999148434
2017 09 12 1.313995458412594
2017 09 13 1.5451265304599922
2017 09 14 6.829904885121106
2017 09 15 11.008904959495903
2017 09 16 5.5990265621827335
2017 09 17 24.52169958263787
2017 09 18 24.09804228738631
2017 09 19 11.362550141998959
2017 09 20 4.402522734881658
2017 09 21 1.976434104447135
2017 09 22 2.1014047287366715
2017 09 23 0.09878054722614095
2017 09 24 0.27433159625923575
2017 09 25 18.336692114393724
2017 09 26 6.838005657274711
2017 09 27 15.110252730132359
2017 09 28 17.27743272536297
2017 09 29 9.901256349297041
2017 09 30 3.3058506952324493
2018 06 01 1.9618468241491898
2018 06 02 6.7152371924692
2018 06 03 9.028280704835344
2018 06 04 12.494236075068791
2018 06 05 8.482313621770308
2018 06 06 3.927233253374015
2018 06 07 4.691343932511843
2018 06 08 20.304647369584455
2018 06 09 18.51348255710856
2018 06 10 24.18855760356194
2018 06 11 11.844029686550803
2018 06 12 9.60605300970489
2018 06 13 17.609567451219874
2018 06 14 18.42686143521276
2018 06 15 9.556435832555222
2018 06 16 2.6414090871886553
2018 06 17 3.1928808236409565
2018 06 18 4.460808507644283
2018 06 19 6.8479890083979225
2018 06 20 14.008531441543308
2018 06 21 12.805121061576502
2018 06 22 4.700079392433771
2018 06 23 2.3703457048247913
2018 06 24 1.9463497238413332
2018 06 25 3.435439454306503
2018 06 26 6.8876745589266575
2018 06 27 6.478587152540381
2018 06 28 2.8530320397715276
2018 06 29 6.6050392245580705
2018 06 30 3.30595755868303
2018 07 01 2.420977439636809
2018 07 02 4.495680977736935
2018 07 03 4.606483660638332
2018 07 04 1.6672913418506004
2018 07 05 1.2558166474709052
2018 07 06 2.9907978816988505
2018 07 07 22.195927820797195
2018 07 08 19.64361959650432
2018 07 09 18.714629987018363
2018 07 10 12.191952818163156
2018 07 11 21.50755222402702
2018 07 12 25.77292708912628
2018 07 13 18.30288554342265
2018 07 14 12.268158557867338
2018 07 15 10.012398818989999
2018 07 16 13.464988638528713
2018 07 17 18.297077771446425
2018 07 18 11.506184573857313
2018 07 19 8.830179753566757
2018 07 20 10.51126105697627
2018 07 21 11.75337379762364
2018 07 22 11.047532450842676
2018 07 23 6.388986978509704
2018 07 24 11.898676511751214
2018 07 25 7.5876042085326265
2018 07 26 5.910685684286096
2018 07 27 1.6740007206495038
2018 07 28 1.9536652050647638
2018 07 29 6.091376041133089
2018 07 30 3.244161036413938
2018 07 31 7.6842606308950385
2018 08 01 7.066889184456186
2018 08 02 3.3430126789711454
2018 08 03 3.7881507133393724
2018 08 04 2.822477766326841
2018 08 05 2.554289222557835
2018 08 06 1.5601463513023357
2018 08 07 6.250326304833599
2018 08 08 20.3676591425529
2018 08 09 26.248220410330344
2018 08 10 8.973961719704159
2018 08 11 5.7394935192568655
2018 08 12 7.6568042297048615
2018 08 13 16.645999737386475
2018 08 14 29.882921590720336
2018 08 15 41.89235488949391
2018 08 16 47.36235810627187
2018 08 17 17.991632156716992
2018 08 18 7.992734823810872
2018 08 19 8.248368000129455
2018 08 20 6.120855540453177
2018 08 21 5.146276939906142
2018 08 22 3.140786336233773
2018 08 23 3.246963202083474
2018 08 24 2.486190632515147
2018 08 25 1.62748939823832
2018 08 26 1.0070939830263255
2018 08 27 2.5035142143290057
2018 08 28 7.696067825980901
2018 08 29 5.815573229591556
2018 08 30 4.444356067569426
2018 08 31 6.2548650067469795
2018 09 01 4.651424292531716
2018 09 02 0.563087993542555
2018 09 03 0.7754830304287412
2018 09 04 0.00484342131820427
2018 09 05 0.09628673468900815
2018 09 06 0.037494774132513155
2018 09 07 0.7650512887287866
2018 09 08 1.1725100217585636
2018 09 09 0.11419698630038858
2018 09 10 0.642060975511062
2018 09 11 2.892153638381946
2018 09 12 4.253269520054009
2018 09 13 0.7515019673835203
2018 09 14 0.7914360487445962
2018 09 15 2.9630741171425368
2018 09 16 2.221861907824647
2018 09 17 4.305807160052853
2018 09 18 1.9951990958170842
2018 09 19 0.4524005333406066
2018 09 20 0.5175240424078733
2018 09 21 3.3144008964300156
2018 09 22 0.0295708876878477
2018 09 23 0.9664363653829255
2018 09 24 8.482050254108943
2018 09 25 5.69083052419769
2018 09 26 10.263773658100119
2018 09 27 7.3489444470647625
2018 09 28 11.853204060440438
2018 09 29 11.814647881210153
2018 09 30 5.833178153308817
2019 06 01 6.6114516190163375
2019 06 02 0.38574944905520697
2019 06 03 11.899324583901366
2019 06 04 0.29380935203605496
2019 06 05 4.181546674086357
2019 06 06 14.029435857827893
2019 06 07 3.6363161619998476
2019 06 08 2.944452620588886
2019 06 09 0.6772270284328364
2019 06 10 7.560846511066565
2019 06 11 7.719526305189593
2019 06 12 7.966202247566378
2019 06 13 7.708509204653919
2019 06 14 7.6521404846216825
2019 06 15 6.2496152284181665
2019 06 16 2.2990573586394945
2019 06 17 0.6763126083890799
2019 06 18 0.7873345817708727
2019 06 19 6.372938481986825
2019 06 20 5.895425240324839
2019 06 21 2.9000827434855667
2019 06 22 9.763313227196031
2019 06 23 7.225456699728966
2019 06 24 7.342659488849834
2019 06 25 2.715899697452935
2019 06 26 5.448346618317106
2019 06 27 2.273957652148559
2019 06 28 1.8615565813964394
2019 06 29 1.2297459239055057
2019 06 30 4.339245306129383
2019 07 01 4.174684002087806
2019 07 02 4.509357187348574
2019 07 03 7.00843566535088
2019 07 04 5.760936924384027
2019 07 05 10.420148622566069
2019 07 06 16.333687393004215
2019 07 07 9.196809522467216
2019 07 08 7.914398781955242
2019 07 09 7.755951909698205
2019 07 10 16.34667241569552
2019 07 11 7.129934536132413
2019 07 12 2.909296707718203
2019 07 13 1.6851083770167403
2019 07 14 3.4062964074729662
2019 07 15 5.2279248368467774
2019 07 16 4.125719430747673
2019 07 17 2.998941299803366
2019 07 18 2.554412255583681
2019 07 19 17.36463692527132
2019 07 20 24.233595891652374
2019 07 21 16.194829117374372
2019 07 22 16.642914124816503
2019 07 23 16.772218366716114
2019 07 24 7.6594107914243255
2019 07 25 7.163403973210282
2019 07 26 9.652252544001275
2019 07 27 3.619001278114803
2019 07 28 1.9517369313817945
2019 07 29 4.117618568355057
2019 07 30 4.159872375731238
2019 07 31 2.5240853485570947
2019 08 01 1.0892241567297636
2019 08 02 1.6677617642101903
2019 08 03 4.984493999236126
2019 08 04 8.135670217387567
2019 08 05 17.710747249462276
2019 08 06 30.35148104344528
2019 08 07 44.68178100218325
2019 08 08 47.165502996311574
2019 08 09 80.63607436592507
2019 08 10 58.43106115983827
2019 08 11 30.734899635355788
2019 08 12 7.610445637010076
2019 08 13 10.859325548567748
2019 08 14 14.852123513250485
2019 08 15 15.668800485315662
2019 08 16 3.9529070208217894
2019 08 17 11.097948846818529
2019 08 18 3.317845364172144
2019 08 19 10.284449904476325
2019 08 20 9.343097938309768
2019 08 21 11.00382534259467
2019 08 22 7.561766800881945
2019 08 23 8.203244123588965
2019 08 24 8.419820692030912
2019 08 25 5.515678600724881
2019 08 26 8.423447201321572
2019 08 27 13.331942650191674
2019 08 28 4.730328651324746
2019 08 29 5.622715085139735
2019 08 30 10.949433298129115
2019 08 31 4.074618912212134
2019 09 01 6.042002731924735
2019 09 02 12.877521121486794
2019 09 03 11.181865572891562
2019 09 04 15.654518029827454
2019 09 05 24.344968970505718
2019 09 06 15.96787436748973
2019 09 07 10.983750398540256
2019 09 08 11.91737132061859
2019 09 09 12.606755823653362
2019 09 10 5.923796366313993
2019 09 11 4.140410252407118
2019 09 12 11.188388555977248
2019 09 13 4.875475314970549
2019 09 14 3.407457758478707
2019 09 15 4.813253983174484
2019 09 16 6.297350060780944
2019 09 17 7.200999031968529
2019 09 18 5.855579652951151
2019 09 19 7.859421802921041
2019 09 20 4.369857545469316
2019 09 21 2.1154603272071344
2019 09 22 7.159150232518385
2019 09 23 14.415731593663923
2019 09 24 26.76205506830046
2019 09 25 9.959305343553803
2019 09 26 12.318972737807307
2019 09 27 1.5592318593623675
2019 09 28 4.70074989052896
2019 09 29 3.30880712990077
2019 09 30 6.075137714444078
2020 06 01 5.685682371996229
2020 06 02 9.283441389582313
2020 06 03 8.708278766819063
2020 06 04 8.963448701149826
2020 06 05 4.321408300514884
2020 06 06 5.877863781252488
2020 06 07 12.141972751786867
2020 06 08 3.4773865844203433
2020 06 09 0.742564299819887
2020 06 10 1.410689895159475
2020 06 11 12.083285115772698
2020 06 12 9.886228282344977
2020 06 13 3.1172387537352626
2020 06 14 12.139363149927958
2020 06 15 8.534816650002439
2020 06 16 6.302664765920301
2020 06 17 8.253662410130733
2020 06 18 10.880254909850015
2020 06 19 3.7869136962982908
2020 06 20 4.9223923571407795
2020 06 21 2.84728168062913
2020 06 22 16.77498742782506
2020 06 23 4.645083086205845
2020 06 24 1.4667681652088154
2020 06 25 9.522347903819897
2020 06 26 14.930676146207123
2020 06 27 6.018237172422675
2020 06 28 3.6459370829675555
2020 06 29 7.9123904905069224
2020 06 30 22.795661137604775
2020 07 01 3.1906945315203843
2020 07 02 3.791499606324218
2020 07 03 18.32175177805655
2020 07 04 15.373148969190224
2020 07 05 10.325797682368021
2020 07 06 8.63500487194562
2020 07 07 13.997277459025685
2020 07 08 13.252912448340942
2020 07 09 11.294940552047837
2020 07 10 14.397795336651923
2020 07 11 1.9130323164325755
2020 07 12 6.091305664778323
2020 07 13 2.923981965377662
2020 07 14 3.6669062449960843
2020 07 15 1.7730027158758817
2020 07 16 16.64482205020746
2020 07 17 23.655588123777193
2020 07 18 13.182417942868158
2020 07 19 7.266481298882382
2020 07 20 13.688682454926562
2020 07 21 16.250570561699003
2020 07 22 1.2485102625542468
2020 07 23 2.7938701235854686
2020 07 24 19.222959828180105
2020 07 25 6.876343959583168
2020 07 26 6.160299406694201
2020 07 27 0.8595578917089453
2020 07 28 3.879990353811589
2020 07 29 8.928204447428133
2020 07 30 20.87537352166843
2020 07 31 7.015212532359786
2020 08 01 14.825869389975132
2020 08 02 11.230860207702605
2020 08 03 15.461144186906177
2020 08 04 23.203779473368947
2020 08 05 32.04226679964757
2020 08 06 27.547420542715543
2020 08 07 42.017340346490066
2020 08 08 35.905334616250116
2020 08 09 25.14155232721259
2020 08 10 18.88117046519017
2020 08 11 7.072411026235972
2020 08 12 13.225064412742702
2020 08 13 2.378845789777068
2020 08 14 2.2588610264099187
2020 08 15 3.634694386131797
2020 08 16 2.301174250615732
2020 08 17 9.179726637141108
2020 08 18 10.17361222150816
2020 08 19 6.489404726366933
2020 08 20 1.6238734754190076
2020 08 21 5.748301705468427
2020 08 22 3.8346088679062986
2020 08 23 5.849075111059406
2020 08 24 4.666200256262324
2020 08 25 4.384790872686973
2020 08 26 0.8281399688782728
2020 08 27 2.3138961872171024
2020 08 28 0.10211389059872192
2020 08 29 0.42732064780509715
2020 08 30 1.192817907898597
2020 08 31 6.710656511488602
2020 09 01 16.13401808721122
2020 09 02 15.16886506970915
2020 09 03 21.900690654311614
2020 09 04 7.87291836156628
2020 09 05 7.936447805039546
2020 09 06 4.3149959950963135
2020 09 07 24.230810558038108
2020 09 08 6.502888245120418
2020 09 09 11.297144636081597
2020 09 10 22.36693383063081
2020 09 11 13.352633051392221
2020 09 12 15.92344836035488
2020 09 13 14.850583161128126
2020 09 14 10.598657460032305
2020 09 15 3.8318923948720323
2020 09 16 6.165449444568589
2020 09 17 3.123751231020099
2020 09 18 10.089147172083594
2020 09 19 9.570205527239569
2020 09 20 34.07325937611708
2020 09 21 21.64936081227388
2020 09 22 12.377358316421995
2020 09 23 4.013833933996821
2020 09 24 1.9400054154312474
2020 09 25 0.8589225370949696
2020 09 26 4.467976838539397
2020 09 27 1.5721816622101357
2020 09 28 1.819019006527393
2020 09 29 2.1980172418587403
2020 09 30 12.71363378637163
