2000 06 01 0.033285443
2000 06 02 0.044874474
2000 06 03 0.01024315
2000 06 04 0.036881264
2000 06 05 0.13949084
2000 06 06 0.3180911
2000 06 07 0.06852808
2000 06 08 0.028441729
2000 06 09 0.02534781
2000 06 10 0.01398963
2000 06 11 0.056296676
2000 06 12 0.027559156
2000 06 13 0.0036651157
2000 06 14 0.0054379418
2000 06 15 0.00326625
2000 06 16 0.0025248951
2000 06 17 0.0034921544
2000 06 18 0.013555318
2000 06 19 0.016630476
2000 06 20 0.011692336
2000 06 21 0.0060256114
2000 06 22 0.0067498703
2000 06 23 0.009403674
2000 06 24 0.0020797402
2000 06 25 0.0026984548
2000 06 26 0.0057910737
2000 06 27 0.0080120675
2000 06 28 0.048941948
2000 06 29 0.046690304
2000 06 30 0.027997898
2000 07 01 0.0074271276
2000 07 02 0.005087146
2000 07 03 0.019591494
2000 07 04 0.121544674
2000 07 05 0.106009774
2000 07 06 0.14591672
2000 07 07 0.100083426
2000 07 08 0.037964292
2000 07 09 0.010473058
2000 07 10 0.015658494
2000 07 11 0.017559035
2000 07 12 0.016357992
2000 07 13 0.013325809
2000 07 14 0.010305139
2000 07 15 0.0026110767
2000 07 16 0.0026512255
2000 07 17 0.0032109353
2000 07 18 0.004264753
2000 07 19 0.0051633553
2000 07 20 0.0025015862
2000 07 21 0.00097442535
2000 07 22 0.000583524
2000 07 23 0.0007134374
2000 07 24 0.00044789034
2000 07 25 0.0030318543
2000 07 26 0.004897302
2000 07 27 0.007047224
2000 07 28 0.004159224
2000 07 29 0.004307082
2000 07 30 0.002359399
2000 07 31 0.0017610224
2000 08 01 0.0014071852
2000 08 02 0.002031955
2000 08 03 0.0056368187
2000 08 04 0.028739138
2000 08 05 0.05980274
2000 08 06 0.12817006
2000 08 07 0.12893397
2000 08 08 0.10675549
2000 08 09 0.075541854
2000 08 10 0.025627242
2000 08 11 0.01325775
2000 08 12 0.004585316
2000 08 13 0.0011548239
2000 08 14 0.0022129377
2000 08 15 0.0053634434
2000 08 16 0.02818312
2000 08 17 0.05016225
2000 08 18 0.014786415
2000 08 19 0.0057759434
2000 08 20 0.01037317
2000 08 21 0.04330391
2000 08 22 0.05680025
2000 08 23 0.11904528
2000 08 24 0.15272123
2000 08 25 0.09231041
2000 08 26 0.042185646
2000 08 27 0.023095794
2000 08 28 0.014528219
2000 08 29 0.0048141982
2000 08 30 0.009197303
2000 08 31 0.007174523
2000 09 01 0.0026750464
2000 09 02 0.0069752755
2000 09 03 0.005419563
2000 09 04 0.0071380213
2000 09 05 0.0062846197
2000 09 06 0.004870567
2000 09 07 0.003186665
2000 09 08 0.001622005
2000 09 09 0.0009684701
2000 09 10 0.0014435726
2000 09 11 0.0011161711
2000 09 12 0.0010171528
2000 09 13 0.0014196942
2000 09 14 0.004074752
2000 09 15 0.0055609243
2000 09 16 0.0050352295
2000 09 17 0.0016870436
2000 09 18 0.0024161886
2000 09 19 0.002856813
2000 09 20 0.009303459
2000 09 21 0.033096373
2000 09 22 0.013628706
2000 09 23 0.008170776
2000 09 24 0.012049556
2000 09 25 0.015803803
2000 09 26 0.029373186
2000 09 27 0.01220334
2000 09 28 0.007366134
2000 09 29 0.007882383
2000 09 30 0.005865558
2001 06 01 0.0008396039
2001 06 02 0.001249682
2001 06 03 0.0012595837
2001 06 04 0.026199654
2001 06 05 0.09885889
2001 06 06 0.5023332
2001 06 07 0.54104203
2001 06 08 0.26882598
2001 06 09 0.020587342
2001 06 10 0.07423856
2001 06 11 0.07623727
2001 06 12 0.07970192
2001 06 13 0.04274682
2001 06 14 0.024350122
2001 06 15 0.005546976
2001 06 16 0.0028740806
2001 06 17 0.0028998253
2001 06 18 0.0041905823
2001 06 19 0.0061928313
2001 06 20 0.0032558495
2001 06 21 0.004639997
2001 06 22 0.0063167685
2001 06 23 0.0036217326
2001 06 24 0.0027953645
2001 06 25 0.0033967549
2001 06 26 0.0025800178
2001 06 27 0.0072249873
2001 06 28 0.0108364895
2001 06 29 0.024039919
2001 06 30 0.014916328
2001 07 01 0.014487827
2001 07 02 0.009829295
2001 07 03 0.009852476
2001 07 04 0.012697962
2001 07 05 0.011254788
2001 07 06 0.009266544
2001 07 07 0.01983033
2001 07 08 0.021223664
2001 07 09 0.012341297
2001 07 10 0.021511972
2001 07 11 0.018000599
2001 07 12 0.038835928
2001 07 13 0.13008818
2001 07 14 0.032489024
2001 07 15 0.017177023
2001 07 16 0.008970771
2001 07 17 0.013445928
2001 07 18 0.003292928
2001 07 19 0.004952966
2001 07 20 0.0011309597
2001 07 21 0.0026733796
2001 07 22 0.005412503
2001 07 23 0.0081843315
2001 07 24 0.009302633
2001 07 25 0.017483737
2001 07 26 0.06640739
2001 07 27 0.09162032
2001 07 28 0.16134015
2001 07 29 0.08705358
2001 07 30 0.060526542
2001 07 31 0.07407844
2001 08 01 0.3010719
2001 08 02 0.32476503
2001 08 03 0.115382954
2001 08 04 0.053804826
2001 08 05 0.012153063
2001 08 06 0.0073279873
2001 08 07 0.0070927297
2001 08 08 0.008799762
2001 08 09 0.0044045323
2001 08 10 0.0036551137
2001 08 11 0.0032166697
2001 08 12 0.010291975
2001 08 13 0.008441529
2001 08 14 0.007128205
2001 08 15 0.010256998
2001 08 16 0.010336513
2001 08 17 0.009875029
2001 08 18 0.019157061
2001 08 19 0.013061609
2001 08 20 0.00435206
2001 08 21 0.0071384204
2001 08 22 0.00527256
2001 08 23 0.0064912545
2001 08 24 0.015526837
2001 08 25 0.014726882
2001 08 26 0.010708058
2001 08 27 0.0018996693
2001 08 28 0.0054723066
2001 08 29 0.0044820663
2001 08 30 0.0049061207
2001 08 31 0.0027443026
2001 09 01 0.0018524824
2001 09 02 0.0015067592
2001 09 03 0.0013172994
2001 09 04 0.000886406
2001 09 05 0.001158927
2001 09 06 0.0013129397
2001 09 07 0.0018096981
2001 09 08 0.0022503508
2001 09 09 0.0021867654
2001 09 10 0.00089798897
2001 09 11 0.0012897168
2001 09 12 0.0004982685
2001 09 13 0.0010598375
2001 09 14 0.00092976034
2001 09 15 0.0015055765
2001 09 16 0.0025385865
2001 09 17 0.0016008336
2001 09 18 0.0019524982
2001 09 19 0.008615047
2001 09 20 0.012913181
2001 09 21 0.037377294
2001 09 22 0.06407138
2001 09 23 0.039187293
2001 09 24 0.017814044
2001 09 25 0.0042359023
2001 09 26 0.0034828933
2001 09 27 0.010053668
2001 09 28 0.06498354
2001 09 29 0.37552035
2001 09 30 0.15089923
2002 06 01 0.14581029
2002 06 02 0.10327419
2002 06 03 0.021093829
2002 06 04 0.003650341
2002 06 05 0.0053107142
2002 06 06 0.007004098
2002 06 07 0.009287587
2002 06 08 0.021291966
2002 06 09 0.01483318
2002 06 10 0.036021017
2002 06 11 0.14318076
2002 06 12 0.11855407
2002 06 13 0.24924937
2002 06 14 0.20522366
2002 06 15 0.09031579
2002 06 16 0.08292925
2002 06 17 0.026886417
2002 06 18 0.06556172
2002 06 19 0.04714608
2002 06 20 0.015775679
2002 06 21 0.012738439
2002 06 22 0.011051836
2002 06 23 0.013836203
2002 06 24 0.007843146
2002 06 25 0.0060002664
2002 06 26 0.0071977032
2002 06 27 0.0043962984
2002 06 28 0.0028942975
2002 06 29 0.0018603328
2002 06 30 0.0037401698
2002 07 01 0.0067032673
2002 07 02 0.0074230656
2002 07 03 0.0059539475
2002 07 04 0.003681215
2002 07 05 0.0032973234
2002 07 06 0.0028537072
2002 07 07 0.001128381
2002 07 08 0.00091765024
2002 07 09 0.0025654712
2002 07 10 0.009212776
2002 07 11 0.017586572
2002 07 12 0.005838389
2002 07 13 0.0035527335
2002 07 14 0.006483532
2002 07 15 0.0046398826
2002 07 16 0.005247456
2002 07 17 0.003941156
2002 07 18 0.008793051
2002 07 19 0.019187948
2002 07 20 0.016384777
2002 07 21 0.012368082
2002 07 22 0.009597451
2002 07 23 0.0042857677
2002 07 24 0.005125685
2002 07 25 0.00980801
2002 07 26 0.0016653879
2002 07 27 0.0070311963
2002 07 28 0.009034956
2002 07 29 0.009534094
2002 07 30 0.008521685
2002 07 31 0.012957697
2002 08 01 0.0953185
2002 08 02 0.13187045
2002 08 03 0.15834513
2002 08 04 0.109112106
2002 08 05 0.013599184
2002 08 06 0.008172029
2002 08 07 0.008891657
2002 08 08 0.054015927
2002 08 09 0.020160643
2002 08 10 0.021516738
2002 08 11 0.012197017
2002 08 12 0.007877596
2002 08 13 0.008135115
2002 08 14 0.005996818
2002 08 15 0.01511029
2002 08 16 0.03221049
2002 08 17 0.0087432
2002 08 18 0.004552889
2002 08 19 0.006722458
2002 08 20 0.005929884
2002 08 21 0.0043926504
2002 08 22 0.0058675953
2002 08 23 0.005673776
2002 08 24 0.004585758
2002 08 25 0.003238012
2002 08 26 0.0016780538
2002 08 27 0.00037977434
2002 08 28 0.00059547747
2002 08 29 0.0012714517
2002 08 30 0.0037303679
2002 08 31 0.003119247
2002 09 01 0.003919571
2002 09 02 0.012338896
2002 09 03 0.010946136
2002 09 04 0.004210101
2002 09 05 0.006910635
2002 09 06 0.011138888
2002 09 07 0.007942463
2002 09 08 0.01904809
2002 09 09 0.046841823
2002 09 10 0.0026097659
2002 09 11 0.0035611677
2002 09 12 0.0017747355
2002 09 13 0.00023206609
2002 09 14 0.00052112114
2002 09 15 0.0015922568
2002 09 16 0.00207142
2002 09 17 0.0012105876
2002 09 18 0.00064061984
2002 09 19 0.0013015134
2002 09 20 0.0010176444
2002 09 21 0.00045061158
2002 09 22 0.0004309789
2002 09 23 0.0007595629
2002 09 24 0.0007726775
2002 09 25 0.0008726716
2002 09 26 0.00046931815
2002 09 27 0.00082012784
2002 09 28 0.000892917
2002 09 29 0.0017219211
2002 09 30 0.0048251543
2003 06 01 0.00042197466
2003 06 02 0.0018250281
2003 06 03 0.0012753983
2003 06 04 0.001430636
2003 06 05 0.002456836
2003 06 06 0.003730596
2003 06 07 0.005447986
2003 06 08 0.017999487
2003 06 09 0.08922752
2003 06 10 0.01585505
2003 06 11 0.009176161
2003 06 12 0.031654492
2003 06 13 0.1279133
2003 06 14 0.17853141
2003 06 15 0.05754646
2003 06 16 0.032548964
2003 06 17 0.017854821
2003 06 18 0.06324798
2003 06 19 0.07279884
2003 06 20 0.046512164
2003 06 21 0.0410306
2003 06 22 0.027470108
2003 06 23 0.017445056
2003 06 24 0.15920527
2003 06 25 0.20123969
2003 06 26 0.032886297
2003 06 27 0.008427439
2003 06 28 0.006619949
2003 06 29 0.0047073294
2003 06 30 0.011321808
2003 07 01 0.15834111
2003 07 02 0.26833275
2003 07 03 0.056742843
2003 07 04 0.053916857
2003 07 05 0.06813273
2003 07 06 0.06278624
2003 07 07 0.044304457
2003 07 08 0.028736958
2003 07 09 0.026945442
2003 07 10 0.04431823
2003 07 11 0.2216546
2003 07 12 0.11170873
2003 07 13 0.13013414
2003 07 14 0.1866607
2003 07 15 0.19210963
2003 07 16 0.037911437
2003 07 17 0.009664883
2003 07 18 0.0081028305
2003 07 19 0.007352328
2003 07 20 0.0032431835
2003 07 21 0.004550937
2003 07 22 0.0077083246
2003 07 23 0.013746801
2003 07 24 0.007852463
2003 07 25 0.0041306866
2003 07 26 0.0052824756
2003 07 27 0.006208261
2003 07 28 0.020324023
2003 07 29 0.010630047
2003 07 30 0.007773904
2003 07 31 0.0033672343
2003 08 01 0.024173683
2003 08 02 0.007835751
2003 08 03 0.008793494
2003 08 04 0.004773009
2003 08 05 0.0045677777
2003 08 06 0.007202718
2003 08 07 0.012511894
2003 08 08 0.012625716
2003 08 09 0.0071253697
2003 08 10 0.0064183655
2003 08 11 0.003917306
2003 08 12 0.0062005823
2003 08 13 0.0071266023
2003 08 14 0.0068235286
2003 08 15 0.007969176
2003 08 16 0.006289072
2003 08 17 0.0057279435
2003 08 18 0.0038024872
2003 08 19 0.0026111049
2003 08 20 0.016011955
2003 08 21 0.022997444
2003 08 22 0.10291169
2003 08 23 0.032923978
2003 08 24 0.014484125
2003 08 25 0.011346654
2003 08 26 0.01578276
2003 08 27 0.009035725
2003 08 28 0.006033148
2003 08 29 0.015206773
2003 08 30 0.025245702
2003 08 31 0.06906426
2003 09 01 0.047178123
2003 09 02 0.007570226
2003 09 03 0.0054524457
2003 09 04 0.0024918274
2003 09 05 0.0084560895
2003 09 06 0.03204383
2003 09 07 0.0069276323
2003 09 08 0.0033060212
2003 09 09 0.00467154
2003 09 10 0.0027265362
2003 09 11 0.0012718935
2003 09 12 0.0011177812
2003 09 13 0.002465769
2003 09 14 0.009507622
2003 09 15 0.01066538
2003 09 16 0.0094102565
2003 09 17 0.0076436414
2003 09 18 0.0040389914
2003 09 19 0.0028116917
2003 09 20 0.00063055416
2003 09 21 0.0011509131
2003 09 22 0.0016571103
2003 09 23 0.0016208653
2003 09 24 0.004832833
2003 09 25 0.0039063212
2003 09 26 0.002116883
2003 09 27 0.00206129
2003 09 28 0.0029697504
2003 09 29 0.004990536
2003 09 30 0.009053954
2004 06 01 0.018856587
2004 06 02 0.019168958
2004 06 03 0.024167228
2004 06 04 0.03902099
2004 06 05 0.16674516
2004 06 06 0.15154266
2004 06 07 0.30018485
2004 06 08 0.17583789
2004 06 09 0.055043697
2004 06 10 0.024443883
2004 06 11 0.01473781
2004 06 12 0.011581947
2004 06 13 0.010197117
2004 06 14 0.010272371
2004 06 15 0.01666254
2004 06 16 0.009299555
2004 06 17 0.0054519325
2004 06 18 0.0053815222
2004 06 19 0.002773068
2004 06 20 0.0018021185
2004 06 21 0.0009868206
2004 06 22 0.0011490823
2004 06 23 0.0014025549
2004 06 24 0.0012846874
2004 06 25 0.0030634264
2004 06 26 0.011338292
2004 06 27 0.0066221147
2004 06 28 0.007655267
2004 06 29 0.005814054
2004 06 30 0.0034288822
2004 07 01 0.00375493
2004 07 02 0.005640025
2004 07 03 0.007267515
2004 07 04 0.0059013185
2004 07 05 0.00581092
2004 07 06 0.016230421
2004 07 07 0.02667618
2004 07 08 0.00543931
2004 07 09 0.031050453
2004 07 10 0.05821819
2004 07 11 0.07781999
2004 07 12 0.009690001
2004 07 13 0.0083001545
2004 07 14 0.011287443
2004 07 15 0.024758192
2004 07 16 0.03642114
2004 07 17 0.021568008
2004 07 18 0.07067851
2004 07 19 0.07967185
2004 07 20 0.024622073
2004 07 21 0.011115707
2004 07 22 0.005026425
2004 07 23 0.0052407244
2004 07 24 0.009217861
2004 07 25 0.029790357
2004 07 26 0.01205567
2004 07 27 0.005594961
2004 07 28 0.00843945
2004 07 29 0.020721236
2004 07 30 0.028483786
2004 07 31 0.033692818
2004 08 01 0.00404234
2004 08 02 0.023092916
2004 08 03 0.062152825
2004 08 04 0.04344781
2004 08 05 0.027400382
2004 08 06 0.030073509
2004 08 07 0.01611747
2004 08 08 0.0057204645
2004 08 09 0.0027051081
2004 08 10 0.0026082983
2004 08 11 0.003999185
2004 08 12 0.01607383
2004 08 13 0.015062376
2004 08 14 0.008927047
2004 08 15 0.014654165
2004 08 16 0.018538274
2004 08 17 0.025590455
2004 08 18 0.06095281
2004 08 19 0.09471239
2004 08 20 0.0059385896
2004 08 21 0.0029969346
2004 08 22 0.0058675953
2004 08 23 0.0063126795
2004 08 24 0.0016543888
2004 08 25 0.0018858068
2004 08 26 0.0037782954
2004 08 27 0.0029171214
2004 08 28 0.0012740875
2004 08 29 0.0017206672
2004 08 30 0.0013135951
2004 08 31 0.0013504243
2004 09 01 0.0014586034
2004 09 02 0.0015457254
2004 09 03 0.0012758258
2004 09 04 0.00094329525
2004 09 05 0.0131467655
2004 09 06 0.015405507
2004 09 07 0.006872923
2004 09 08 0.01048132
2004 09 09 0.0105215125
2004 09 10 0.08283531
2004 09 11 0.11726525
2004 09 12 0.010411111
2004 09 13 0.007896644
2004 09 14 0.0128785465
2004 09 15 0.060511645
2004 09 16 0.0090525225
2004 09 17 0.0037545029
2004 09 18 0.004738787
2004 09 19 0.0021646821
2004 09 20 0.0014913436
2004 09 21 0.007835309
2004 09 22 0.024749214
2004 09 23 0.0067036524
2004 09 24 0.0049612722
2004 09 25 0.008668973
2004 09 26 0.009267684
2004 09 27 0.06342459
2004 09 28 0.10680412
2004 09 29 0.02828481
2004 09 30 0.0059750485
2005 06 01 0.006222922
2005 06 02 0.01273039
2005 06 03 0.0024038362
2005 06 04 0.008449238
2005 06 05 0.053935587
2005 06 06 0.0965554
2005 06 07 0.015058502
2005 06 08 0.008119685
2005 06 09 0.026007542
2005 06 10 0.03967317
2005 06 11 0.0045237252
2005 06 12 0.005899951
2005 06 13 0.004849673
2005 06 14 0.010190449
2005 06 15 0.021906978
2005 06 16 0.1638371
2005 06 17 0.15529506
2005 06 18 0.041853078
2005 06 19 0.07157132
2005 06 20 0.037402112
2005 06 21 0.16285367
2005 06 22 0.051817097
2005 06 23 0.016356396
2005 06 24 0.01176521
2005 06 25 0.0061929165
2005 06 26 0.006488248
2005 06 27 0.007001946
2005 06 28 0.0055225557
2005 06 29 0.013656603
2005 06 30 0.02134736
2005 07 01 0.008235715
2005 07 02 0.005786059
2005 07 03 0.007544794
2005 07 04 0.010307205
2005 07 05 0.005730052
2005 07 06 0.004706275
2005 07 07 0.0033648408
2005 07 08 0.005041398
2005 07 09 0.008255275
2005 07 10 0.06869946
2005 07 11 0.1720793
2005 07 12 0.07857332
2005 07 13 0.017695481
2005 07 14 0.01285018
2005 07 15 0.07257297
2005 07 16 0.23800291
2005 07 17 0.19377303
2005 07 18 0.033925913
2005 07 19 0.022601873
2005 07 20 0.14549333
2005 07 21 0.023587795
2005 07 22 0.010049131
2005 07 23 0.025361974
2005 07 24 0.05349865
2005 07 25 0.013698846
2005 07 26 0.014303441
2005 07 27 0.0106867235
2005 07 28 0.016572727
2005 07 29 0.039997417
2005 07 30 0.010857761
2005 07 31 0.01798014
2005 08 01 0.01991943
2005 08 02 0.009175704
2005 08 03 0.014061494
2005 08 04 0.011446956
2005 08 05 0.0061047124
2005 08 06 0.0037491315
2005 08 07 0.0038709173
2005 08 08 0.01147736
2005 08 09 0.00895426
2005 08 10 0.0065083653
2005 08 11 0.0047541033
2005 08 12 0.0023485427
2005 08 13 0.003482295
2005 08 14 0.0039170776
2005 08 15 0.00712344
2005 08 16 0.011894076
2005 08 17 0.0090420935
2005 08 18 0.0022827631
2005 08 19 0.0024638025
2005 08 20 0.0010752104
2005 08 21 0.0026289714
2005 08 22 0.0007247141
2005 08 23 0.0011201747
2005 08 24 0.0032242776
2005 08 25 0.002861885
2005 08 26 0.00077277
2005 08 27 0.0022527443
2005 08 28 0.0077893054
2005 08 29 0.009466163
2005 08 30 0.006779632
2005 08 31 0.010395296
2005 09 01 0.008558785
2005 09 02 0.012955509
2005 09 03 0.06795652
2005 09 04 0.24993174
2005 09 05 0.15691318
2005 09 06 0.1923505
2005 09 07 0.3415359
2005 09 08 0.18912569
2005 09 09 0.018499337
2005 09 10 0.021019146
2005 09 11 0.017894598
2005 09 12 0.01203689
2005 09 13 0.010772577
2005 09 14 0.007551576
2005 09 15 0.0052228225
2005 09 16 0.0015935247
2005 09 17 0.00078076276
2005 09 18 0.0006323208
2005 09 19 0.0062072636
2005 09 20 0.008208588
2005 09 21 0.007925025
2005 09 22 0.00784779
2005 09 23 0.0027078865
2005 09 24 0.0015685493
2005 09 25 0.0013286971
2005 09 26 0.0015614117
2005 09 27 0.0026553285
2005 09 28 0.002399904
2005 09 29 0.0011667773
2005 09 30 0.0001513199
2006 06 01 0.10257424
2006 06 02 0.039073143
2006 06 03 0.011226635
2006 06 04 0.008660566
2006 06 05 0.006829071
2006 06 06 0.00324921
2006 06 07 0.0027519248
2006 06 08 0.0011666348
2006 06 09 0.0023037638
2006 06 10 0.003673849
2006 06 11 0.0014395548
2006 06 12 0.0017646197
2006 06 13 0.0036172022
2006 06 14 0.003319164
2006 06 15 0.003925541
2006 06 16 0.0064886324
2006 06 17 0.004180153
2006 06 18 0.003548744
2006 06 19 0.006765129
2006 06 20 0.12005066
2006 06 21 0.20990023
2006 06 22 0.18929142
2006 06 23 0.25051484
2006 06 24 0.21425143
2006 06 25 0.15799148
2006 06 26 0.015927255
2006 06 27 0.015989672
2006 06 28 0.012753954
2006 06 29 0.022160178
2006 06 30 0.0104035875
2006 07 01 0.009713894
2006 07 02 0.007815008
2006 07 03 0.0104260985
2006 07 04 0.006058936
2006 07 05 0.0075542834
2006 07 06 0.011180532
2006 07 07 0.013725787
2006 07 08 0.009294583
2006 07 09 0.0064640134
2006 07 10 0.009073821
2006 07 11 0.013212786
2006 07 12 0.04020366
2006 07 13 0.13415404
2006 07 14 0.017837381
2006 07 15 0.0042681014
2006 07 16 0.0043230955
2006 07 17 0.005298347
2006 07 18 0.008949158
2006 07 19 0.010048746
2006 07 20 0.0063876766
2006 07 21 0.004042026
2006 07 22 0.0025231712
2006 07 23 0.0016525084
2006 07 24 0.0011403913
2006 07 25 0.0023757694
2006 07 26 0.004647092
2006 07 27 0.0057131276
2006 07 28 0.0045092786
2006 07 29 0.0018646353
2006 07 30 0.0035404237
2006 07 31 0.0055200486
2006 08 01 0.0043859263
2006 08 02 0.0032622463
2006 08 03 0.005278601
2006 08 04 0.0076729623
2006 08 05 0.0061137597
2006 08 06 0.0046742754
2006 08 07 0.001819714
2006 08 08 0.005872397
2006 08 09 0.006465367
2006 08 10 0.009200907
2006 08 11 0.03201593
2006 08 12 0.016844707
2006 08 13 0.012587575
2006 08 14 0.011762077
2006 08 15 0.015920673
2006 08 16 0.0061440915
2006 08 17 0.013291417
2006 08 18 0.016338373
2006 08 19 0.01327083
2006 08 20 0.008994479
2006 08 21 0.0025323036
2006 08 22 0.0013306205
2006 08 23 0.0005917162
2006 08 24 0.00029202556
2006 08 25 0.00038316517
2006 08 26 0.0008702497
2006 08 27 0.0020413154
2006 08 28 0.003143396
2006 08 29 0.0024650565
2006 08 30 0.0073913373
2006 08 31 0.008672307
2006 09 01 0.005247869
2006 09 02 0.0016049653
2006 09 03 0.0011556788
2006 09 04 0.0019831723
2006 09 05 0.007597409
2006 09 06 0.0037259515
2006 09 07 0.006059135
2006 09 08 0.030316709
2006 09 09 0.1427527
2006 09 10 0.29838884
2006 09 11 0.08696343
2006 09 12 0.08293406
2006 09 13 0.036654357
2006 09 14 0.07794333
2006 09 15 0.111983076
2006 09 16 0.032602757
2006 09 17 0.012884715
2006 09 18 0.01106721
2006 09 19 0.011253991
2006 09 20 0.01301391
2006 09 21 0.018361723
2006 09 22 0.006159265
2006 09 23 0.0058966596
2006 09 24 0.0057772254
2006 09 25 0.01156659
2006 09 26 0.0050793816
2006 09 27 0.0009380522
2006 09 28 0.0006392877
2006 09 29 0.0016553436
2006 09 30 0.0038000369
2007 06 01 0.11736127
2007 06 02 0.10126519
2007 06 03 0.009780186
2007 06 04 0.0015802464
2007 06 05 0.0011559067
2007 06 06 0.0036777388
2007 06 07 0.012160172
2007 06 08 0.026927719
2007 06 09 0.020078985
2007 06 10 0.015929949
2007 06 11 0.14548789
2007 06 12 0.23320174
2007 06 13 0.023501255
2007 06 14 0.17696412
2007 06 15 0.2352991
2007 06 16 0.24730633
2007 06 17 0.17717355
2007 06 18 0.3761524
2007 06 19 0.38553858
2007 06 20 0.23856685
2007 06 21 0.1993905
2007 06 22 0.60033375
2007 06 23 0.33160645
2007 06 24 0.027065115
2007 06 25 0.007928358
2007 06 26 0.017258588
2007 06 27 0.008417822
2007 06 28 0.022144334
2007 06 29 0.0165289
2007 06 30 0.023434307
2007 07 01 0.019478152
2007 07 02 0.014683515
2007 07 03 0.00856578
2007 07 04 0.009222464
2007 07 05 0.0053112265
2007 07 06 0.0059596472
2007 07 07 0.004118605
2007 07 08 0.0075276126
2007 07 09 0.009104838
2007 07 10 0.009525758
2007 07 11 0.005281037
2007 07 12 0.0071878727
2007 07 13 0.0053664916
2007 07 14 0.0057912734
2007 07 15 0.016880367
2007 07 16 0.033988815
2007 07 17 0.030240657
2007 07 18 0.015261097
2007 07 19 0.020527516
2007 07 20 0.16097285
2007 07 21 0.17574064
2007 07 22 0.12599905
2007 07 23 0.13303247
2007 07 24 0.3758939
2007 07 25 0.2898536
2007 07 26 0.085730046
2007 07 27 0.033020336
2007 07 28 0.010851578
2007 07 29 0.0234284
2007 07 30 0.07615675
2007 07 31 0.1411575
2007 08 01 0.16097707
2007 08 02 0.21290259
2007 08 03 0.015264117
2007 08 04 0.029563412
2007 08 05 0.043245733
2007 08 06 0.022628427
2007 08 07 0.011938186
2007 08 08 0.009632114
2007 08 09 0.015576304
2007 08 10 0.009152339
2007 08 11 0.009906046
2007 08 12 0.00286482
2007 08 13 0.0014367908
2007 08 14 0.000878627
2007 08 15 0.0010300038
2007 08 16 0.0013194934
2007 08 17 0.0013818108
2007 08 18 0.0010940451
2007 08 19 0.005894167
2007 08 20 0.022610718
2007 08 21 0.07146995
2007 08 22 0.0411414
2007 08 23 0.01964406
2007 08 24 0.035614643
2007 08 25 0.061221793
2007 08 26 0.07182251
2007 08 27 0.025430944
2007 08 28 0.02436615
2007 08 29 0.047889996
2007 08 30 0.028631156
2007 08 31 0.0546833
2007 09 01 0.07516065
2007 09 02 0.114416264
2007 09 03 0.085356675
2007 09 04 0.0471548
2007 09 05 0.040220287
2007 09 06 0.026825747
2007 09 07 0.026722927
2007 09 08 0.024731148
2007 09 09 0.03056901
2007 09 10 0.0068607987
2007 09 11 0.003881189
2007 09 12 0.0029127477
2007 09 13 0.004414406
2007 09 14 0.028732257
2007 09 15 0.10500165
2007 09 16 0.046139993
2007 09 17 0.015051663
2007 09 18 0.040275943
2007 09 19 0.023825038
2007 09 20 0.004726848
2007 09 21 0.0061280066
2007 09 22 0.017876547
2007 09 23 0.022126826
2007 09 24 0.07832046
2007 09 25 0.048861396
2007 09 26 0.0050754207
2007 09 27 0.002798912
2007 09 28 0.0069557987
2007 09 29 0.0068218615
2007 09 30 0.0028350286
2008 06 01 0.01312112
2008 06 02 0.013869457
2008 06 03 0.08760113
2008 06 04 0.030729005
2008 06 05 0.01810033
2008 06 06 0.022230545
2008 06 07 0.04879644
2008 06 08 0.09492084
2008 06 09 0.052676726
2008 06 10 0.008274552
2008 06 11 0.011351299
2008 06 12 0.017671516
2008 06 13 0.0115256
2008 06 14 0.0036412657
2008 06 15 0.003436761
2008 06 16 0.007118717
2008 06 17 0.0068490016
2008 06 18 0.009683988
2008 06 19 0.03359864
2008 06 20 0.009877138
2008 06 21 0.014542425
2008 06 22 0.01243768
2008 06 23 0.0026062753
2008 06 24 0.0052046864
2008 06 25 0.008187373
2008 06 26 0.0075372583
2008 06 27 0.016387498
2008 06 28 0.015762657
2008 06 29 0.018698158
2008 06 30 0.026311051
2008 07 01 0.083683245
2008 07 02 0.020085152
2008 07 03 0.0020749816
2008 07 04 0.003215544
2008 07 05 0.0051329797
2008 07 06 0.004302722
2008 07 07 0.0031741844
2008 07 08 0.0044275564
2008 07 09 0.005613639
2008 07 10 0.004570656
2008 07 11 0.00439228
2008 07 12 0.0033128809
2008 07 13 0.0063301898
2008 07 14 0.011507606
2008 07 15 0.051321264
2008 07 16 0.17829499
2008 07 17 0.018626707
2008 07 18 0.012003061
2008 07 19 0.017439472
2008 07 20 0.007563515
2008 07 21 0.020108948
2008 07 22 0.11607107
2008 07 23 0.33539367
2008 07 24 0.27738017
2008 07 25 0.15053262
2008 07 26 0.016927198
2008 07 27 0.04334478
2008 07 28 0.014899986
2008 07 29 0.03127686
2008 07 30 0.0242254
2008 07 31 0.017092835
2008 08 01 0.007783863
2008 08 02 0.004886517
2008 08 03 0.005164196
2008 08 04 0.0019850247
2008 08 05 0.0077896332
2008 08 06 0.003649287
2008 08 07 0.010389924
2008 08 08 0.023949575
2008 08 09 0.053886242
2008 08 10 0.06885207
2008 08 11 0.061316237
2008 08 12 0.12205939
2008 08 13 0.13152711
2008 08 14 0.0845829
2008 08 15 0.03238887
2008 08 16 0.006072286
2008 08 17 0.0036909028
2008 08 18 0.0028279622
2008 08 19 0.003105698
2008 08 20 0.0042994735
2008 08 21 0.0024772095
2008 08 22 0.0022893029
2008 08 23 0.0021920227
2008 08 24 0.0032697332
2008 08 25 0.0037863024
2008 08 26 0.0037241704
2008 08 27 0.0058607142
2008 08 28 0.018222984
2008 08 29 0.006642303
2008 08 30 0.010805274
2008 08 31 0.07818138
2008 09 01 0.07344547
2008 09 02 0.107371226
2008 09 03 0.017107395
2008 09 04 0.020123381
2008 09 05 0.00492628
2008 09 06 0.014053573
2008 09 07 0.08874699
2008 09 08 0.12654126
2008 09 09 0.09646314
2008 09 10 0.016704028
2008 09 11 0.004113248
2008 09 12 0.005190752
2008 09 13 0.006655339
2008 09 14 0.005465311
2008 09 15 0.0042619603
2008 09 16 0.0023283686
2008 09 17 0.0009866495
2008 09 18 0.009055202
2008 09 19 0.011384211
2008 09 20 0.0040592654
2008 09 21 0.0016397714
2008 09 22 0.0023274568
2008 09 23 0.0028696642
2008 09 24 0.0045192516
2008 09 25 0.0011733453
2008 09 26 0.00018358989
2008 09 27 0.00079696183
2008 09 28 0.00083547214
2008 09 29 0.00046886227
2008 09 30 0.00076068845
2009 06 01 0.008816845
2009 06 02 0.0034432004
2009 06 03 0.0016758739
2009 06 04 0.0055857855
2009 06 05 0.1261728
2009 06 06 0.1378043
2009 06 07 0.011471232
2009 06 08 0.0070513277
2009 06 09 0.0032602947
2009 06 10 0.0026796344
2009 06 11 0.0044997754
2009 06 12 0.04680198
2009 06 13 0.0536771
2009 06 14 0.048212655
2009 06 15 0.12040068
2009 06 16 0.1409291
2009 06 17 0.1693007
2009 06 18 0.1280284
2009 06 19 0.1504739
2009 06 20 0.04009635
2009 06 21 0.008013586
2009 06 22 0.008006333
2009 06 23 0.010074647
2009 06 24 0.012936874
2009 06 25 0.017539885
2009 06 26 0.021874165
2009 06 27 0.0060282187
2009 06 28 0.025738003
2009 06 29 0.19519947
2009 06 30 0.3712846
2009 07 01 0.39927593
2009 07 02 0.24996461
2009 07 03 0.16332611
2009 07 04 0.09886475
2009 07 05 0.15467831
2009 07 06 0.15392245
2009 07 07 0.09906835
2009 07 08 0.058464866
2009 07 09 0.014253989
2009 07 10 0.010548768
2009 07 11 0.012939353
2009 07 12 0.0063369847
2009 07 13 0.01121293
2009 07 14 0.010288555
2009 07 15 0.062284473
2009 07 16 0.037500475
2009 07 17 0.10587306
2009 07 18 0.10432199
2009 07 19 0.023845699
2009 07 20 0.004100269
2009 07 21 0.0032873356
2009 07 22 0.0050548906
2009 07 23 0.0060401014
2009 07 24 0.0018627833
2009 07 25 0.0012431853
2009 07 26 0.002130959
2009 07 27 0.004750513
2009 07 28 0.009903881
2009 07 29 0.07640574
2009 07 30 0.019096324
2009 07 31 0.02393376
2009 08 01 0.027577449
2009 08 02 0.0031896424
2009 08 03 0.0031668185
2009 08 04 0.002993971
2009 08 05 0.0025611115
2009 08 06 0.0025627927
2009 08 07 0.0034537439
2009 08 08 0.0041048136
2009 08 09 0.004222325
2009 08 10 0.0052376115
2009 08 11 0.0065223137
2009 08 12 0.0041807233
2009 08 13 0.0013881794
2009 08 14 0.0012435841
2009 08 15 0.0012968119
2009 08 16 0.009098426
2009 08 17 0.06633645
2009 08 18 0.122366875
2009 08 19 0.098845966
2009 08 20 0.015327986
2009 08 21 0.19682953
2009 08 22 0.09541316
2009 08 23 0.050828505
2009 08 24 0.051871233
2009 08 25 0.011752415
2009 08 26 0.009608079
2009 08 27 0.0066092922
2009 08 28 0.004310601
2009 08 29 0.0048781685
2009 08 30 0.008174722
2009 08 31 0.018913617
2009 09 01 0.11194067
2009 09 02 0.06164462
2009 09 03 0.043035343
2009 09 04 0.033249997
2009 09 05 0.021370541
2009 09 06 0.014410323
2009 09 07 0.0078124003
2009 09 08 0.0053712646
2009 09 09 0.0036148797
2009 09 10 0.00393
2009 09 11 0.001407627
2009 09 12 0.00046541443
2009 09 13 0.0010001987
2009 09 14 0.0025363641
2009 09 15 0.0027051228
2009 09 16 0.0028353992
2009 09 17 0.0077650715
2009 09 18 0.023828316
2009 09 19 0.043674175
2009 09 20 0.022229336
2009 09 21 0.008294613
2009 09 22 0.06599367
2009 09 23 0.00733811
2009 09 24 0.0032172964
2009 09 25 0.017817494
2009 09 26 0.005894309
2009 09 27 0.00857383
2009 09 28 0.0031980914
2009 09 29 0.028176272
2009 09 30 0.045619532
2010 06 01 0.0059491326
2010 06 02 0.0011674042
2010 06 03 0.0012059715
2010 06 04 0.002046416
2010 06 05 0.009890987
2010 06 06 0.02075986
2010 06 07 0.021991348
2010 06 08 0.23707841
2010 06 09 0.31353602
2010 06 10 0.2787943
2010 06 11 0.45162007
2010 06 12 0.48640266
2010 06 13 0.28254235
2010 06 14 0.29196525
2010 06 15 0.06095457
2010 06 16 0.015052105
2010 06 17 0.013218116
2010 06 18 0.014466956
2010 06 19 0.013067777
2010 06 20 0.0050978605
2010 06 21 0.005306112
2010 06 22 0.00993974
2010 06 23 0.08619894
2010 06 24 0.13587818
2010 06 25 0.06408105
2010 06 26 0.028246867
2010 06 27 0.013310124
2010 06 28 0.017107224
2010 06 29 0.009464367
2010 06 30 0.029091015
2010 07 01 0.097579196
2010 07 02 0.10462505
2010 07 03 0.04669304
2010 07 04 0.06283559
2010 07 05 0.17182504
2010 07 06 0.007923073
2010 07 07 0.013963972
2010 07 08 0.030920928
2010 07 09 0.040493727
2010 07 10 0.0022175964
2010 07 11 0.003093488
2010 07 12 0.0054051443
2010 07 13 0.006233878
2010 07 14 0.022123793
2010 07 15 0.23740663
2010 07 16 0.13831751
2010 07 17 0.13583304
2010 07 18 0.12567234
2010 07 19 0.2143874
2010 07 20 0.15098146
2010 07 21 0.09544062
2010 07 22 0.01875583
2010 07 23 0.010801542
2010 07 24 0.007589617
2010 07 25 0.011902996
2010 07 26 0.005817887
2010 07 27 0.013324812
2010 07 28 0.018709954
2010 07 29 0.075562984
2010 07 30 0.12619866
2010 07 31 0.05185435
2010 08 01 0.013199877
2010 08 02 0.0080789095
2010 08 03 0.01464633
2010 08 04 0.007041368
2010 08 05 0.0048610144
2010 08 06 0.0065528164
2010 08 07 0.014790981
2010 08 08 0.012390194
2010 08 09 0.006294443
2010 08 10 0.002879794
2010 08 11 0.011711157
2010 08 12 0.0155893825
2010 08 13 0.027890416
2010 08 14 0.024392692
2010 08 15 0.2849454
2010 08 16 0.32546797
2010 08 17 0.18998513
2010 08 18 0.029314939
2010 08 19 0.003962655
2010 08 20 0.004843775
2010 08 21 0.08286583
2010 08 22 0.16703436
2010 08 23 0.032801896
2010 08 24 0.038074397
2010 08 25 0.21096852
2010 08 26 0.25441942
2010 08 27 0.17701767
2010 08 28 0.013279207
2010 08 29 0.018457407
2010 08 30 0.052406855
2010 08 31 0.0033595553
2010 09 01 0.001896364
2010 09 02 0.0038527944
2010 09 03 0.0054957713
2010 09 04 0.00434941
2010 09 05 0.008176717
2010 09 06 0.016439486
2010 09 07 0.015405934
2010 09 08 0.013062933
2010 09 09 0.016072305
2010 09 10 0.09884754
2010 09 11 0.01843216
2010 09 12 0.0050456296
2010 09 13 0.022025116
2010 09 14 0.10503084
2010 09 15 0.03436247
2010 09 16 0.006760399
2010 09 17 0.006959504
2010 09 18 0.004030429
2010 09 19 0.0021050717
2010 09 20 0.0012220994
2010 09 21 0.007544595
2010 09 22 0.014478296
2010 09 23 0.05317346
2010 09 24 0.12623714
2010 09 25 0.0048799347
2010 09 26 0.0042089755
2010 09 27 0.010921745
2010 09 28 0.012757245
2010 09 29 0.011130667
2010 09 30 0.0682622
2011 06 01 0.491233
2011 06 02 0.5505236
2011 06 03 0.12672396
2011 06 04 0.025445292
2011 06 05 0.03171352
2011 06 06 0.044879306
2011 06 07 0.042360567
2011 06 08 0.018897748
2011 06 09 0.017897235
2011 06 10 0.012295349
2011 06 11 0.012075673
2011 06 12 0.010405126
2011 06 13 0.017264144
2011 06 14 0.049127497
2011 06 15 0.019167604
2011 06 16 0.02506781
2011 06 17 0.011729363
2011 06 18 0.0023323866
2011 06 19 0.001280399
2011 06 20 0.00083899114
2011 06 21 0.0015541883
2011 06 22 0.0074748266
2011 06 23 0.004383518
2011 06 24 0.009330244
2011 06 25 0.011994947
2011 06 26 0.010978207
2011 06 27 0.05554119
2011 06 28 0.0057556983
2011 06 29 0.007719608
2011 06 30 0.050352465
2011 07 01 0.17062256
2011 07 02 0.08371756
2011 07 03 0.021033851
2011 07 04 0.032543708
2011 07 05 0.042697515
2011 07 06 0.07213275
2011 07 07 0.015189876
2011 07 08 0.008990376
2011 07 09 0.0058695474
2011 07 10 0.018721653
2011 07 11 0.03868663
2011 07 12 0.037013136
2011 07 13 0.021797929
2011 07 14 0.11528436
2011 07 15 0.33289003
2011 07 16 0.16649619
2011 07 17 0.057870388
2011 07 18 0.024606802
2011 07 19 0.021985237
2011 07 20 0.007742176
2011 07 21 0.012099779
2011 07 22 0.012316065
2011 07 23 0.008643756
2011 07 24 0.009494144
2011 07 25 0.019171977
2011 07 26 0.11104306
2011 07 27 0.06979608
2011 07 28 0.051812105
2011 07 29 0.12977496
2011 07 30 0.07781395
2011 07 31 0.010443196
2011 08 01 0.013239414
2011 08 02 0.07971466
2011 08 03 0.15231112
2011 08 04 0.07025285
2011 08 05 0.10004219
2011 08 06 0.039232682
2011 08 07 0.01995915
2011 08 08 0.017743323
2011 08 09 0.018335067
2011 08 10 0.02070216
2011 08 11 0.037294816
2011 08 12 0.008261059
2011 08 13 0.0028802212
2011 08 14 0.007506384
2011 08 15 0.008949323
2011 08 16 0.036769535
2011 08 17 0.06295258
2011 08 18 0.24560753
2011 08 19 0.21488747
2011 08 20 0.40434748
2011 08 21 0.13989034
2011 08 22 0.07864519
2011 08 23 0.033436194
2011 08 24 0.007922389
2011 08 25 0.0054156166
2011 08 26 0.0044310186
2011 08 27 0.0064031775
2011 08 28 0.008916333
2011 08 29 0.030192241
2011 08 30 0.051009532
2011 08 31 0.48153666
2011 09 01 0.091105424
2011 09 02 0.07589226
2011 09 03 0.025289798
2011 09 04 0.010317407
2011 09 05 0.008077941
2011 09 06 0.0087378295
2011 09 07 0.009124655
2011 09 08 0.0089461105
2011 09 09 0.006119074
2011 09 10 0.012064232
2011 09 11 0.012643907
2011 09 12 0.03566905
2011 09 13 0.09860781
2011 09 14 0.17253341
2011 09 15 0.14970472
2011 09 16 0.011352738
2011 09 17 0.010831376
2011 09 18 0.017103551
2011 09 19 0.009390367
2011 09 20 0.005551307
2011 09 21 0.005467234
2011 09 22 0.0018918905
2011 09 23 0.0033049737
2011 09 24 0.0026830821
2011 09 25 0.000644089
2011 09 26 0.00039910778
2011 09 27 0.0011013824
2011 09 28 0.000920172
2011 09 29 0.00054125243
2011 09 30 0.0005605432
2012 06 01 0.0024042777
2012 06 02 0.002785463
2012 06 03 0.012632339
2012 06 04 0.02152555
2012 06 05 0.040616177
2012 06 06 0.024117649
2012 06 07 0.010524718
2012 06 08 0.0029657187
2012 06 09 0.0022244635
2012 06 10 0.0007810477
2012 06 11 0.041648854
2012 06 12 0.14541967
2012 06 13 0.09290936
2012 06 14 0.058374614
2012 06 15 0.059650708
2012 06 16 0.23161027
2012 06 17 0.29307652
2012 06 18 0.060907844
2012 06 19 0.0043076943
2012 06 20 0.0028241726
2012 06 21 0.010982096
2012 06 22 0.011229499
2012 06 23 0.004207294
2012 06 24 0.006327183
2012 06 25 0.008004938
2012 06 26 0.022859974
2012 06 27 0.048355803
2012 06 28 0.22758017
2012 06 29 0.18944268
2012 06 30 0.049883407
2012 07 01 0.045535587
2012 07 02 0.05053182
2012 07 03 0.009723025
2012 07 04 0.0042501357
2012 07 05 0.0049425797
2012 07 06 0.006524835
2012 07 07 0.012774526
2012 07 08 0.01682744
2012 07 09 0.04578593
2012 07 10 0.20159262
2012 07 11 0.22020686
2012 07 12 0.043085463
2012 07 13 0.021851426
2012 07 14 0.003225218
2012 07 15 0.0047324756
2012 07 16 0.026675444
2012 07 17 0.038410816
2012 07 18 0.0043469886
2012 07 19 0.004095496
2012 07 20 0.00844136
2012 07 21 0.009655309
2012 07 22 0.008074037
2012 07 23 0.0073844204
2012 07 24 0.008420344
2012 07 25 0.008144446
2012 07 26 0.007683292
2012 07 27 0.006510773
2012 07 28 0.0047011315
2012 07 29 0.0030970068
2012 07 30 0.0020687554
2012 07 31 0.0022545678
2012 08 01 0.0019809497
2012 08 02 0.0038986136
2012 08 03 0.0040145293
2012 08 04 0.014243917
2012 08 05 0.006880959
2012 08 06 0.026310699
2012 08 07 0.026515603
2012 08 08 0.056824915
2012 08 09 0.11044675
2012 08 10 0.046909697
2012 08 11 0.08069505
2012 08 12 0.08498147
2012 08 13 0.014303398
2012 08 14 0.010134002
2012 08 15 0.018187294
2012 08 16 0.07747171
2012 08 17 0.07053742
2012 08 18 0.007286007
2012 08 19 0.0015676233
2012 08 20 0.0038271782
2012 08 21 0.0069701103
2012 08 22 0.009089566
2012 08 23 0.010044843
2012 08 24 0.013676034
2012 08 25 0.16011292
2012 08 26 0.14183794
2012 08 27 0.0560879
2012 08 28 0.038344167
2012 08 29 0.106905684
2012 08 30 0.2297576
2012 08 31 0.18250825
2012 09 01 0.07145641
2012 09 02 0.023636961
2012 09 03 0.016128043
2012 09 04 0.017004104
2012 09 05 0.011916616
2012 09 06 0.0196616
2012 09 07 0.03346268
2012 09 08 0.018338103
2012 09 09 0.012623036
2012 09 10 0.0059924447
2012 09 11 0.0050016777
2012 09 12 0.007874889
2012 09 13 0.008430702
2012 09 14 0.009526
2012 09 15 0.00504989
2012 09 16 0.0027030853
2012 09 17 0.0017828704
2012 09 18 0.0023062713
2012 09 19 0.00068788504
2012 09 20 0.0005306597
2012 09 21 0.00017427931
2012 09 22 0.00021074511
2012 09 23 2.9705485e-05
2012 09 24 0.00013205761
2012 09 25 0.00018310547
2012 09 26 0.00038417667
2012 09 27 0.00059383904
2012 09 28 0.0013025535
2012 09 29 0.0062121227
2012 09 30 0.026214287
2013 06 01 0.17490649
2013 06 02 0.33605862
2013 06 03 0.12726888
2013 06 04 0.031303182
2013 06 05 0.0118711805
2013 06 06 0.08674099
2013 06 07 0.09890249
2013 06 08 0.030832155
2013 06 09 0.019789938
2013 06 10 0.0446317
2013 06 11 0.07555041
2013 06 12 0.020548675
2013 06 13 0.005985805
2013 06 14 0.006104271
2013 06 15 0.017113395
2013 06 16 0.019542735
2013 06 17 0.058657803
2013 06 18 0.27854243
2013 06 19 0.2649412
2013 06 20 0.07370393
2013 06 21 0.035161465
2013 06 22 0.059093557
2013 06 23 0.0089633055
2013 06 24 0.012927158
2013 06 25 0.015411632
2013 06 26 0.019604595
2013 06 27 0.016875977
2013 06 28 0.013994802
2013 06 29 0.0069157216
2013 06 30 0.009160659
2013 07 01 0.010742402
2013 07 02 0.025368001
2013 07 03 0.034433905
2013 07 04 0.008077713
2013 07 05 0.005318621
2013 07 06 0.010493159
2013 07 07 0.06638143
2013 07 08 0.04138993
2013 07 09 0.020546822
2013 07 10 0.053200774
2013 07 11 0.030265974
2013 07 12 0.03201069
2013 07 13 0.012142763
2013 07 14 0.012309013
2013 07 15 0.0065958565
2013 07 16 0.008403575
2013 07 17 0.0095794
2013 07 18 0.017503254
2013 07 19 0.02605389
2013 07 20 0.03439428
2013 07 21 0.022524595
2013 07 22 0.014495721
2013 07 23 0.03423813
2013 07 24 0.03182763
2013 07 25 0.031958442
2013 07 26 0.037087917
2013 07 27 0.047862872
2013 07 28 0.039943777
2013 07 29 0.003386112
2013 07 30 0.006393219
2013 07 31 0.008445533
2013 08 01 0.013753798
2013 08 02 0.0069653024
2013 08 03 0.020278646
2013 08 04 0.021684522
2013 08 05 0.09132052
2013 08 06 0.0439293
2013 08 07 0.0067343405
2013 08 08 0.004270638
2013 08 09 0.004289159
2013 08 10 0.001818745
2013 08 11 0.0023107305
2013 08 12 0.0028335326
2013 08 13 0.004664388
2013 08 14 0.0019132611
2013 08 15 0.006942108
2013 08 16 0.027080733
2013 08 17 0.028225327
2013 08 18 0.013339486
2013 08 19 0.006112406
2013 08 20 0.0077329297
2013 08 21 0.0040590228
2013 08 22 0.00466956
2013 08 23 0.002828176
2013 08 24 0.0060538496
2013 08 25 0.0051497202
2013 08 26 0.004413295
2013 08 27 0.0061553186
2013 08 28 0.0038835115
2013 08 29 0.0017685092
2013 08 30 0.0010828611
2013 08 31 0.0009253579
2013 09 01 0.0015066735
2013 09 02 0.0037827836
2013 09 03 0.022945145
2013 09 04 0.02306646
2013 09 05 0.029920135
2013 09 06 0.051693384
2013 09 07 0.08883067
2013 09 08 0.027616933
2013 09 09 0.037780654
2013 09 10 0.054005854
2013 09 11 0.05267002
2013 09 12 0.055794664
2013 09 13 0.05304743
2013 09 14 0.020284602
2013 09 15 0.08031658
2013 09 16 0.06726109
2013 09 17 0.12276033
2013 09 18 0.01400375
2013 09 19 0.009759028
2013 09 20 0.009257512
2013 09 21 0.0038123464
2013 09 22 0.0018345739
2013 09 23 0.0040532677
2013 09 24 0.005393847
2013 09 25 0.0037581928
2013 09 26 0.0018140435
2013 09 27 0.0017430495
2013 09 28 0.0012164859
2013 09 29 0.0053671044
2013 09 30 0.0073035466
2014 06 01 0.0019593083
2014 06 02 0.0032910972
2014 06 03 0.0052296044
2014 06 04 0.023096634
2014 06 05 0.060069878
2014 06 06 0.060282003
2014 06 07 0.06849482
2014 06 08 0.33235
2014 06 09 0.08436992
2014 06 10 0.06073105
2014 06 11 0.016878415
2014 06 12 0.013322661
2014 06 13 0.01750082
2014 06 14 0.015166082
2014 06 15 0.0073833447
2014 06 16 0.013031575
2014 06 17 0.0076887766
2014 06 18 0.008416313
2014 06 19 0.006910109
2014 06 20 0.0054036914
2014 06 21 0.006457089
2014 06 22 0.0037749193
2014 06 23 0.0022380413
2014 06 24 0.0018013208
2014 06 25 0.0012326709
2014 06 26 0.0024409646
2014 06 27 0.0041098148
2014 06 28 0.0075250044
2014 06 29 0.009160701
2014 06 30 0.010348693
2014 07 01 0.019102152
2014 07 02 0.003996278
2014 07 03 0.007446289
2014 07 04 0.015609271
2014 07 05 0.03734061
2014 07 06 0.05246523
2014 07 07 0.051989697
2014 07 08 0.073255666
2014 07 09 0.039454382
2014 07 10 0.023354283
2014 07 11 0.00905181
2014 07 12 0.05377794
2014 07 13 0.097436
2014 07 14 0.065447256
2014 07 15 0.024914328
2014 07 16 0.007449238
2014 07 17 0.0074410033
2014 07 18 0.012899618
2014 07 19 0.010969958
2014 07 20 0.008848715
2014 07 21 0.008334803
2014 07 22 0.0103866765
2014 07 23 0.01821341
2014 07 24 0.008438723
2014 07 25 0.012394512
2014 07 26 0.0110179
2014 07 27 0.010053874
2014 07 28 0.004311541
2014 07 29 0.0064905416
2014 07 30 0.048519246
2014 07 31 0.035412844
2014 08 01 0.029008
2014 08 02 0.011265758
2014 08 03 0.007778435
2014 08 04 0.012252023
2014 08 05 0.013234696
2014 08 06 0.023166064
2014 08 07 0.022413922
2014 08 08 0.013251382
2014 08 09 0.019340793
2014 08 10 0.03202907
2014 08 11 0.086356685
2014 08 12 0.109465145
2014 08 13 0.013017771
2014 08 14 0.0051091444
2014 08 15 0.0020759646
2014 08 16 0.0026068594
2014 08 17 0.008271987
2014 08 18 0.0069894656
2014 08 19 0.014157207
2014 08 20 0.013735218
2014 08 21 0.019499052
2014 08 22 0.27341646
2014 08 23 0.3906462
2014 08 24 0.051634032
2014 08 25 0.008573288
2014 08 26 0.01053063
2014 08 27 0.0128253475
2014 08 28 0.070693284
2014 08 29 0.1310522
2014 08 30 0.07126178
2014 08 31 0.02262575
2014 09 01 0.023270952
2014 09 02 0.025028488
2014 09 03 0.057064664
2014 09 04 0.018074498
2014 09 05 0.0073002265
2014 09 06 0.013611965
2014 09 07 0.0058287573
2014 09 08 0.005813043
2014 09 09 0.0045037502
2014 09 10 0.002715922
2014 09 11 0.0017707889
2014 09 12 0.0028829495
2014 09 13 0.006735794
2014 09 14 0.0074938885
2014 09 15 0.0045336843
2014 09 16 0.004959462
2014 09 17 0.0018707617
2014 09 18 0.0029073192
2014 09 19 0.0040221517
2014 09 20 0.0019638673
2014 09 21 0.0016812166
2014 09 22 0.0020357592
2014 09 23 0.0031228373
2014 09 24 0.0017494751
2014 09 25 0.027760666
2014 09 26 0.05757798
2014 09 27 0.016463665
2014 09 28 0.027230725
2014 09 29 0.005119388
2014 09 30 0.026414119
2015 06 01 0.00945968
2015 06 02 0.008272372
2015 06 03 0.0043622614
2015 06 04 0.03126224
2015 06 05 0.030907767
2015 06 06 0.018280612
2015 06 07 0.020929972
2015 06 08 0.13839965
2015 06 09 0.051818807
2015 06 10 0.04259764
2015 06 11 0.1384141
2015 06 12 0.25253877
2015 06 13 0.06253386
2015 06 14 0.054388367
2015 06 15 0.015435327
2015 06 16 0.02451677
2015 06 17 0.06087965
2015 06 18 0.020910425
2015 06 19 0.010027332
2015 06 20 0.0077330437
2015 06 21 0.00807056
2015 06 22 0.0046318052
2015 06 23 0.008162555
2015 06 24 0.010514133
2015 06 25 0.01005433
2015 06 26 0.007636945
2015 06 27 0.006289571
2015 06 28 0.0053886888
2015 06 29 0.0051606763
2015 06 30 0.0035150351
2015 07 01 0.0038526233
2015 07 02 0.003796219
2015 07 03 0.003928604
2015 07 04 0.0015413658
2015 07 05 0.0011790871
2015 07 06 0.0008310982
2015 07 07 0.00300061
2015 07 08 0.006433524
2015 07 09 0.013100489
2015 07 10 0.009808879
2015 07 11 0.004984196
2015 07 12 0.003539626
2015 07 13 0.0065646274
2015 07 14 0.012177612
2015 07 15 0.033613674
2015 07 16 0.010253635
2015 07 17 0.023969447
2015 07 18 0.047800947
2015 07 19 0.16167283
2015 07 20 0.014623718
2015 07 21 0.013795855
2015 07 22 0.024320459
2015 07 23 0.13592812
2015 07 24 0.08109784
2015 07 25 0.018340353
2015 07 26 0.024158793
2015 07 27 0.017264286
2015 07 28 0.002425592
2015 07 29 0.0005656294
2015 07 30 0.0037663137
2015 07 31 0.006265663
2015 08 01 0.008489329
2015 08 02 0.023354068
2015 08 03 0.0048054075
2015 08 04 0.008891102
2015 08 05 0.00871472
2015 08 06 0.006369526
2015 08 07 0.0041362573
2015 08 08 0.015876893
2015 08 09 0.017413925
2015 08 10 0.019953722
2015 08 11 0.008704277
2015 08 12 0.011970384
2015 08 13 0.007859686
2015 08 14 0.0057026413
2015 08 15 0.005135772
2015 08 16 0.007485184
2015 08 17 0.007295824
2015 08 18 0.022118919
2015 08 19 0.06409414
2015 08 20 0.0102031715
2015 08 21 0.019318053
2015 08 22 0.014597718
2015 08 23 0.0074636424
2015 08 24 0.0027890531
2015 08 25 0.00082065497
2015 08 26 0.0024202205
2015 08 27 0.0026853331
2015 08 28 0.003134933
2015 08 29 0.0017521393
2015 08 30 0.003005839
2015 08 31 0.004138523
2015 09 01 0.002397938
2015 09 02 0.0060215653
2015 09 03 0.005580799
2015 09 04 0.004031284
2015 09 05 0.019567424
2015 09 06 0.07362584
2015 09 07 0.23176388
2015 09 08 0.20574726
2015 09 09 0.008189311
2015 09 10 0.004387792
2015 09 11 0.0035090232
2015 09 12 0.0026368927
2015 09 13 0.001829288
2015 09 14 0.009425245
2015 09 15 0.028609317
2015 09 16 0.016397998
2015 09 17 0.0048799627
2015 09 18 0.006306938
2015 09 19 0.009235671
2015 09 20 0.002479717
2015 09 21 0.003053539
2015 09 22 0.0040618153
2015 09 23 0.0029514146
2015 09 24 0.0045945626
2015 09 25 0.002879808
2015 09 26 0.001210089
2015 09 27 0.0025486595
2015 09 28 0.00208145
2015 09 29 0.019162875
2015 09 30 0.1002289
2016 06 01 0.053500306
2016 06 02 0.03833968
2016 06 03 0.0720766
2016 06 04 0.07042982
2016 06 05 0.06702987
2016 06 06 0.01893214
2016 06 07 0.031803522
2016 06 08 0.154755
2016 06 09 0.18641299
2016 06 10 0.062412728
2016 06 11 0.013575236
2016 06 12 0.005359497
2016 06 13 0.003465953
2016 06 14 0.0017449729
2016 06 15 0.0042180223
2016 06 16 0.0117239645
2016 06 17 0.020278333
2016 06 18 0.048352078
2016 06 19 0.16785063
2016 06 20 0.23852804
2016 06 21 0.19195034
2016 06 22 0.29998985
2016 06 23 0.17183648
2016 06 24 0.16366403
2016 06 25 0.07189816
2016 06 26 0.014527122
2016 06 27 0.0331109
2016 06 28 0.035823617
2016 06 29 0.040968265
2016 06 30 0.009406708
2016 07 01 0.0058152936
2016 07 02 0.011300407
2016 07 03 0.032669354
2016 07 04 0.16121891
2016 07 05 0.06970822
2016 07 06 0.019742038
2016 07 07 0.012012414
2016 07 08 0.013073577
2016 07 09 0.011581449
2016 07 10 0.008583103
2016 07 11 0.008419404
2016 07 12 0.0067041502
2016 07 13 0.009862407
2016 07 14 0.013756619
2016 07 15 0.03637527
2016 07 16 0.023673007
2016 07 17 0.07767285
2016 07 18 0.040808056
2016 07 19 0.01173626
2016 07 20 0.01390251
2016 07 21 0.010235741
2016 07 22 0.051139608
2016 07 23 0.048911802
2016 07 24 0.09425699
2016 07 25 0.2044274
2016 07 26 0.108227655
2016 07 27 0.14484327
2016 07 28 0.044434894
2016 07 29 0.04478962
2016 07 30 0.021565298
2016 07 31 0.0068970863
2016 08 01 0.0017643634
2016 08 02 0.0026095808
2016 08 03 0.005255492
2016 08 04 0.014181341
2016 08 05 0.006444338
2016 08 06 0.0035076835
2016 08 07 0.008999038
2016 08 08 0.009279852
2016 08 09 0.0099443
2016 08 10 0.00735532
2016 08 11 0.009062067
2016 08 12 0.009436072
2016 08 13 0.004060319
2016 08 14 0.003646423
2016 08 15 0.004521232
2016 08 16 0.004059294
2016 08 17 0.0057664826
2016 08 18 0.0065204324
2016 08 19 0.01130021
2016 08 20 0.008150345
2016 08 21 0.008193243
2016 08 22 0.0055170706
2016 08 23 0.009731588
2016 08 24 0.012907084
2016 08 25 0.013222318
2016 08 26 0.006071188
2016 08 27 0.007696556
2016 08 28 0.008605985
2016 08 29 0.014196529
2016 08 30 0.040329933
2016 08 31 0.033532064
2016 09 01 0.053578407
2016 09 02 0.07833002
2016 09 03 0.008978195
2016 09 04 0.002607885
2016 09 05 0.003195769
2016 09 06 0.0023105026
2016 09 07 0.0023730765
2016 09 08 0.0054942183
2016 09 09 0.0010752531
2016 09 10 0.001307369
2016 09 11 0.0048526367
2016 09 12 0.009414359
2016 09 13 0.013698845
2016 09 14 0.009468042
2016 09 15 0.010284865
2016 09 16 0.006859973
2016 09 17 0.002101866
2016 09 18 0.004344837
2016 09 19 0.0027759457
2016 09 20 0.0041460167
2016 09 21 0.009739067
2016 09 22 0.009976569
2016 09 23 0.0053078504
2016 09 24 0.0068907896
2016 09 25 0.01786304
2016 09 26 0.006137053
2016 09 27 0.0055431575
2016 09 28 0.006239377
2016 09 29 0.002166349
2016 09 30 0.0018331205
2017 06 01 0.37431476
2017 06 02 0.1742348
2017 06 03 0.1242567
2017 06 04 0.019657467
2017 06 05 0.027829267
2017 06 06 0.02156634
2017 06 07 0.046827007
2017 06 08 0.05932365
2017 06 09 0.25674227
2017 06 10 0.39135525
2017 06 11 0.45341057
2017 06 12 0.05887438
2017 06 13 0.010064275
2017 06 14 0.009729764
2017 06 15 0.006766525
2017 06 16 0.0060480796
2017 06 17 0.012676249
2017 06 18 0.0042554215
2017 06 19 0.0057512955
2017 06 20 0.0067492425
2017 06 21 0.0035769965
2017 06 22 0.0055329567
2017 06 23 0.006277218
2017 06 24 0.022699863
2017 06 25 0.0173177
2017 06 26 0.010737158
2017 06 27 0.015376243
2017 06 28 0.01646442
2017 06 29 0.00952043
2017 06 30 0.01221347
2017 07 01 0.030640135
2017 07 02 0.020962883
2017 07 03 0.06303886
2017 07 04 0.0072445055
2017 07 05 0.008767023
2017 07 06 0.008029073
2017 07 07 0.005834164
2017 07 08 0.00748933
2017 07 09 0.040466335
2017 07 10 0.08581915
2017 07 11 0.05983573
2017 07 12 0.006321541
2017 07 13 0.027074834
2017 07 14 0.019292211
2017 07 15 0.008323477
2017 07 16 0.005527386
2017 07 17 0.010439704
2017 07 18 0.018662268
2017 07 19 0.01942421
2017 07 20 0.018639514
2017 07 21 0.010746988
2017 07 22 0.0038943822
2017 07 23 0.0042571025
2017 07 24 0.006012918
2017 07 25 0.003152828
2017 07 26 0.0037643763
2017 07 27 0.010081786
2017 07 28 0.008025781
2017 07 29 0.0043451935
2017 07 30 0.0051845545
2017 07 31 0.004873637
2017 08 01 0.0019243882
2017 08 02 0.00611668
2017 08 03 0.017018965
2017 08 04 0.020038921
2017 08 05 0.010208942
2017 08 06 0.010091587
2017 08 07 0.017167633
2017 08 08 0.016432732
2017 08 09 0.07098749
2017 08 10 0.055512913
2017 08 11 0.21367349
2017 08 12 0.00854515
2017 08 13 0.0039596483
2017 08 14 0.0030978762
2017 08 15 0.006932662
2017 08 16 0.010116919
2017 08 17 0.01159809
2017 08 18 0.019835228
2017 08 19 0.039478105
2017 08 20 0.027651973
2017 08 21 0.058283728
2017 08 22 0.015529073
2017 08 23 0.011184136
2017 08 24 0.010527025
2017 08 25 0.0138793
2017 08 26 0.044578314
2017 08 27 0.12694144
2017 08 28 0.06911902
2017 08 29 0.026300665
2017 08 30 0.0067242533
2017 08 31 0.0025368484
2017 09 01 0.0020673308
2017 09 02 0.0056250077
2017 09 03 0.009240586
2017 09 04 0.0028207672
2017 09 05 0.008908384
2017 09 06 0.015740415
2017 09 07 0.017257547
2017 09 08 0.03161855
2017 09 09 0.025219329
2017 09 10 0.08582214
2017 09 11 0.010865612
2017 09 12 0.0041853674
2017 09 13 0.020513412
2017 09 14 0.062263254
2017 09 15 0.016727595
2017 09 16 0.09207993
2017 09 17 0.11225998
2017 09 18 0.013999903
2017 09 19 0.003829913
2017 09 20 0.006089696
2017 09 21 0.0074950284
2017 09 22 0.0012932927
2017 09 23 0.0008815619
2017 09 24 0.0019642236
2017 09 25 0.007373158
2017 09 26 0.011815932
2017 09 27 0.03164052
2017 09 28 0.07593115
2017 09 29 0.035089545
2017 09 30 0.038236674
2018 06 01 0.013266227
2018 06 02 0.010167953
2018 06 03 0.07742236
2018 06 04 0.097092934
2018 06 05 0.027135154
2018 06 06 0.0143981995
2018 06 07 0.11950658
2018 06 08 0.09263278
2018 06 09 0.02702846
2018 06 10 0.011432765
2018 06 11 0.012076811
2018 06 12 0.006934514
2018 06 13 0.010525843
2018 06 14 0.00821638
2018 06 15 0.0065327985
2018 06 16 0.005533897
2018 06 17 0.0073315986
2018 06 18 0.020056248
2018 06 19 0.11634112
2018 06 20 0.09670701
2018 06 21 0.01806884
2018 06 22 0.030852089
2018 06 23 0.028321154
2018 06 24 0.012069986
2018 06 25 0.012036863
2018 06 26 0.008996844
2018 06 27 0.015545287
2018 06 28 0.037693854
2018 06 29 0.08616362
2018 06 30 0.040370055
2018 07 01 0.02880378
2018 07 02 0.026818354
2018 07 03 0.004552804
2018 07 04 0.002986705
2018 07 05 0.0057582054
2018 07 06 0.016682131
2018 07 07 0.019043198
2018 07 08 0.016383806
2018 07 09 0.017698472
2018 07 10 0.0151790185
2018 07 11 0.012223515
2018 07 12 0.012159246
2018 07 13 0.018870832
2018 07 14 0.024890147
2018 07 15 0.041971345
2018 07 16 0.032130577
2018 07 17 0.03137674
2018 07 18 0.02350026
2018 07 19 0.019827321
2018 07 20 0.01810969
2018 07 21 0.009052408
2018 07 22 0.012118585
2018 07 23 0.012451713
2018 07 24 0.014892506
2018 07 25 0.01246532
2018 07 26 0.0061577694
2018 07 27 0.0030536812
2018 07 28 0.0076961285
2018 07 29 0.0049214084
2018 07 30 0.008758873
2018 07 31 0.005514962
2018 08 01 0.004042539
2018 08 02 0.0036835088
2018 08 03 0.0020886734
2018 08 04 0.0017999958
2018 08 05 0.0032049585
2018 08 06 0.0034839476
2018 08 07 0.014412105
2018 08 08 0.012495339
2018 08 09 0.007973721
2018 08 10 0.008617426
2018 08 11 0.0095673185
2018 08 12 0.022769803
2018 08 13 0.03711057
2018 08 14 0.06725445
2018 08 15 0.08681858
2018 08 16 0.060060743
2018 08 17 0.019292952
2018 08 18 0.010343963
2018 08 19 0.0055582453
2018 08 20 0.004856099
2018 08 21 0.011066013
2018 08 22 0.009094223
2018 08 23 0.004759446
2018 08 24 0.0018982161
2018 08 25 0.008131496
2018 08 26 0.007712014
2018 08 27 0.009404315
2018 08 28 0.044916276
2018 08 29 0.013728794
2018 08 30 0.0049797078
2018 08 31 0.0028954942
2018 09 01 0.0014443278
2018 09 02 0.0016595179
2018 09 03 0.00024951182
2018 09 04 0.0005344566
2018 09 05 0.0008131039
2018 09 06 0.0021398636
2018 09 07 0.0052029197
2018 09 08 0.0033743153
2018 09 09 0.0004759289
2018 09 10 0.00025404248
2018 09 11 9.438794e-05
2018 09 12 0.00015302956
2018 09 13 0.0003965291
2018 09 14 0.00063789147
2018 09 15 0.0010615188
2018 09 16 0.002955119
2018 09 17 0.0031275393
2018 09 18 0.0046202503
2018 09 19 0.004588978
2018 09 20 0.001940402
2018 09 21 0.0016835958
2018 09 22 0.0015089532
2018 09 23 0.0004308364
2018 09 24 0.0025717684
2018 09 25 0.00091859046
2018 09 26 0.0011560207
2018 09 27 0.004435321
2018 09 28 0.024768148
2018 09 29 0.008390468
2018 09 30 0.0047711283
2019 06 01 0.0010119955
2019 06 02 0.0034112583
2019 06 03 0.015982376
2019 06 04 0.0032613203
2019 06 05 0.024030427
2019 06 06 0.049950406
2019 06 07 0.044396084
2019 06 08 0.11912488
2019 06 09 0.33893445
2019 06 10 0.38167614
2019 06 11 0.06112836
2019 06 12 0.021055548
2019 06 13 0.014431237
2019 06 14 0.0070611862
2019 06 15 0.005569443
2019 06 16 0.0031538534
2019 06 17 0.0031959543
2019 06 18 0.0057654716
2019 06 19 0.010272913
2019 06 20 0.071522005
2019 06 21 0.23719577
2019 06 22 0.30270562
2019 06 23 0.022430634
2019 06 24 0.014368765
2019 06 25 0.019670904
2019 06 26 0.0149693
2019 06 27 0.004183601
2019 06 28 0.004632603
2019 06 29 0.005087161
2019 06 30 0.0062018074
2019 07 01 0.009422822
2019 07 02 0.014317488
2019 07 03 0.014911968
2019 07 04 0.0125427805
2019 07 05 0.007694063
2019 07 06 0.0034002736
2019 07 07 0.0037120034
2019 07 08 0.0057491153
2019 07 09 0.023990138
2019 07 10 0.11321908
2019 07 11 0.028121093
2019 07 12 0.009778846
2019 07 13 0.008625505
2019 07 14 0.036673866
2019 07 15 0.21562776
2019 07 16 0.26127252
2019 07 17 0.3098048
2019 07 18 0.62611187
2019 07 19 0.3950852
2019 07 20 0.34962654
2019 07 21 0.2943688
2019 07 22 0.16816393
2019 07 23 0.13263723
2019 07 24 0.06788841
2019 07 25 0.03297605
2019 07 26 0.058796782
2019 07 27 0.004357403
2019 07 28 0.0047642044
2019 07 29 0.006275153
2019 07 30 0.005156844
2019 07 31 0.0030561602
2019 08 01 0.0024393972
2019 08 02 0.004901063
2019 08 03 0.008957337
2019 08 04 0.016137373
2019 08 05 0.030147593
2019 08 06 0.027499815
2019 08 07 0.027715974
2019 08 08 0.024272518
2019 08 09 0.04282927
2019 08 10 0.043114457
2019 08 11 0.0111770565
2019 08 12 0.038421314
2019 08 13 0.20213327
2019 08 14 0.3126039
2019 08 15 0.018921096
2019 08 16 0.021313123
2019 08 17 0.020884382
2019 08 18 0.0285736
2019 08 19 0.031596094
2019 08 20 0.038683895
2019 08 21 0.07747704
2019 08 22 0.121707454
2019 08 23 0.049672317
2019 08 24 0.089611694
2019 08 25 0.06396858
2019 08 26 0.09402111
2019 08 27 0.029760951
2019 08 28 0.015601306
2019 08 29 0.010866936
2019 08 30 0.008632086
2019 08 31 0.01103296
2019 09 01 0.030269604
2019 09 02 0.04675063
2019 09 03 0.018202638
2019 09 04 0.018988743
2019 09 05 0.01985177
2019 09 06 0.008692738
2019 09 07 0.008063464
2019 09 08 0.010165431
2019 09 09 0.01483133
2019 09 10 0.013338689
2019 09 11 0.00830467
2019 09 12 0.0055005015
2019 09 13 0.003287806
2019 09 14 0.003038835
2019 09 15 0.005998813
2019 09 16 0.009884489
2019 09 17 0.0064227534
2019 09 18 0.0097534
2019 09 19 0.010976412
2019 09 20 0.0035284848
2019 09 21 0.0023025956
2019 09 22 0.002207666
2019 09 23 0.008648272
2019 09 24 0.05847909
2019 09 25 0.18637007
2019 09 26 0.07588462
2019 09 27 0.007272516
2019 09 28 0.0004918715
2019 09 29 0.001869793
2019 09 30 0.022395045
2020 06 01 0.21054043
2020 06 02 0.2213219
2020 06 03 0.019933207
2020 06 04 0.008356531
2020 06 05 0.008645892
2020 06 06 0.036406998
2020 06 07 0.067960694
2020 06 08 0.00567788
2020 06 09 0.005422826
2020 06 10 0.00918827
2020 06 11 0.084852174
2020 06 12 0.111844435
2020 06 13 0.07142906
2020 06 14 0.038629282
2020 06 15 0.025107631
2020 06 16 0.032088105
2020 06 17 0.020952996
2020 06 18 0.013002454
2020 06 19 0.011843727
2020 06 20 0.010286845
2020 06 21 0.0684143
2020 06 22 0.061729494
2020 06 23 0.009396892
2020 06 24 0.080735594
2020 06 25 0.1599117
2020 06 26 0.10359628
2020 06 27 0.12907426
2020 06 28 0.010062623
2020 06 29 0.15215951
2020 06 30 0.14136788
2020 07 01 0.10395976
2020 07 02 0.14000696
2020 07 03 0.06590376
2020 07 04 0.04832034
2020 07 05 0.00843026
2020 07 06 0.011912229
2020 07 07 0.031218087
2020 07 08 0.11573211
2020 07 09 0.04397871
2020 07 10 0.117132194
2020 07 11 0.25541946
2020 07 12 0.23004067
2020 07 13 0.20963065
2020 07 14 0.15286715
2020 07 15 0.10535723
2020 07 16 0.05528302
2020 07 17 0.04710857
2020 07 18 0.034549333
2020 07 19 0.23971893
2020 07 20 0.423654
2020 07 21 0.04506917
2020 07 22 0.04234379
2020 07 23 0.07947635
2020 07 24 0.16471514
2020 07 25 0.028448509
2020 07 26 0.0052668606
2020 07 27 0.0054458915
2020 07 28 0.043837845
2020 07 29 0.24891643
2020 07 30 0.3341918
2020 07 31 0.31424627
2020 08 01 0.34832782
2020 08 02 0.22758082
2020 08 03 0.0263203
2020 08 04 0.063939564
2020 08 05 0.037293702
2020 08 06 0.025061445
2020 08 07 0.1085831
2020 08 08 0.22040547
2020 08 09 0.2262978
2020 08 10 0.12753294
2020 08 11 0.01385679
2020 08 12 0.004561523
2020 08 13 0.0034605255
2020 08 14 0.003803627
2020 08 15 0.0057602995
2020 08 16 0.017644886
2020 08 17 0.016104989
2020 08 18 0.009606213
2020 08 19 0.0029333346
2020 08 20 0.009208515
2020 08 21 0.009830706
2020 08 22 0.011591152
2020 08 23 0.006803568
2020 08 24 0.0014004463
2020 08 25 0.00068663113
2020 08 26 0.00042898423
2020 08 27 0.0012634591
2020 08 28 0.0037138555
2020 08 29 0.0070145116
2020 08 30 0.0041917497
2020 08 31 0.0016942812
2020 09 01 0.0032593256
2020 09 02 0.15163471
2020 09 03 0.16022639
2020 09 04 0.014481089
2020 09 05 0.012279363
2020 09 06 0.19077922
2020 09 07 0.1332452
2020 09 08 0.097987175
2020 09 09 0.20499636
2020 09 10 0.18441789
2020 09 11 0.116969176
2020 09 12 0.09202234
2020 09 13 0.026444169
2020 09 14 0.009636359
2020 09 15 0.014879713
2020 09 16 0.017342677
2020 09 17 0.018178262
2020 09 18 0.069490395
2020 09 19 0.3510784
2020 09 20 0.32671565
2020 09 21 0.10679779
2020 09 22 0.009944571
2020 09 23 0.009123017
2020 09 24 0.006609791
2020 09 25 0.0025862295
2020 09 26 0.00996349
2020 09 27 0.0023406784
2020 09 28 0.00086651696
2020 09 29 0.0014163175
2020 09 30 0.0024743173
