2000 06 01 12.245595
2000 06 02 12.825491
2000 06 03 12.921664
2000 06 04 15.149001
2000 06 05 18.495907
2000 06 06 22.218008
2000 06 07 21.16392
2000 06 08 18.196522
2000 06 09 14.891076
2000 06 10 13.513184
2000 06 11 13.865137
2000 06 12 13.372628
2000 06 13 12.022672
2000 06 14 11.564654
2000 06 15 11.714353
2000 06 16 11.8745365
2000 06 17 12.895341
2000 06 18 14.015691
2000 06 19 12.732015
2000 06 20 10.434158
2000 06 21 11.903351
2000 06 22 11.190756
2000 06 23 10.88014
2000 06 24 9.34208
2000 06 25 8.732497
2000 06 26 10.2500925
2000 06 27 11.531518
2000 06 28 14.757488
2000 06 29 16.031551
2000 06 30 16.988686
2000 07 01 13.945572
2000 07 02 12.909457
2000 07 03 13.821781
2000 07 04 18.334307
2000 07 05 18.936674
2000 07 06 19.596382
2000 07 07 19.053347
2000 07 08 18.840498
2000 07 09 18.246565
2000 07 10 18.382252
2000 07 11 21.257374
2000 07 12 23.00301
2000 07 13 21.11416
2000 07 14 17.78659
2000 07 15 16.931257
2000 07 16 17.040321
2000 07 17 16.011745
2000 07 18 15.294003
2000 07 19 14.629828
2000 07 20 13.280671
2000 07 21 10.463274
2000 07 22 9.329526
2000 07 23 11.2034855
2000 07 24 10.225718
2000 07 25 9.494841
2000 07 26 10.351165
2000 07 27 11.720545
2000 07 28 10.1188755
2000 07 29 8.41655
2000 07 30 7.4060073
2000 07 31 5.945281
2000 08 01 6.5029817
2000 08 02 7.45179
2000 08 03 8.876993
2000 08 04 9.683878
2000 08 05 8.012916
2000 08 06 6.0892215
2000 08 07 8.023652
2000 08 08 12.442527
2000 08 09 14.469885
2000 08 10 16.779938
2000 08 11 17.054323
2000 08 12 10.623692
2000 08 13 5.865471
2000 08 14 4.063835
2000 08 15 5.2877264
2000 08 16 6.8732862
2000 08 17 11.536763
2000 08 18 11.104794
2000 08 19 12.10895
2000 08 20 14.615489
2000 08 21 18.640314
2000 08 22 18.39239
2000 08 23 20.520185
2000 08 24 22.76379
2000 08 25 22.623075
2000 08 26 19.23307
2000 08 27 16.153189
2000 08 28 15.229752
2000 08 29 13.53669
2000 08 30 12.137192
2000 08 31 12.946434
2000 09 01 13.643765
2000 09 02 13.625571
2000 09 03 10.669642
2000 09 04 8.498553
2000 09 05 7.821535
2000 09 06 8.511126
2000 09 07 7.1194773
2000 09 08 4.408633
2000 09 09 4.6269965
2000 09 10 6.3091435
2000 09 11 6.8032956
2000 09 12 6.402945
2000 09 13 5.6502647
2000 09 14 4.6307473
2000 09 15 4.2808824
2000 09 16 5.998028
2000 09 17 5.2521915
2000 09 18 7.0453167
2000 09 19 7.0654593
2000 09 20 6.27428
2000 09 21 3.5648074
2000 09 22 2.7304602
2000 09 23 4.2120037
2000 09 24 4.4752145
2000 09 25 3.6494687
2000 09 26 5.432439
2000 09 27 5.398173
2000 09 28 7.773434
2000 09 29 7.791332
2000 09 30 6.4866166
2001 06 01 7.8555636
2001 06 02 7.4332075
2001 06 03 6.6989384
2001 06 04 7.553462
2001 06 05 12.083579
2001 06 06 13.303664
2001 06 07 14.708563
2001 06 08 16.308016
2001 06 09 15.364419
2001 06 10 15.550094
2001 06 11 17.416224
2001 06 12 14.884816
2001 06 13 15.103803
2001 06 14 16.008602
2001 06 15 15.15119
2001 06 16 14.453938
2001 06 17 13.529202
2001 06 18 12.732123
2001 06 19 12.090186
2001 06 20 12.274937
2001 06 21 12.981575
2001 06 22 14.626893
2001 06 23 14.209801
2001 06 24 12.652483
2001 06 25 14.548718
2001 06 26 14.979054
2001 06 27 15.511826
2001 06 28 16.74944
2001 06 29 15.476581
2001 06 30 14.88435
2001 07 01 15.530591
2001 07 02 16.483381
2001 07 03 18.917145
2001 07 04 18.741999
2001 07 05 17.71901
2001 07 06 20.623005
2001 07 07 23.248583
2001 07 08 23.883757
2001 07 09 21.872255
2001 07 10 20.30217
2001 07 11 16.666285
2001 07 12 12.867757
2001 07 13 10.550433
2001 07 14 7.039063
2001 07 15 8.404646
2001 07 16 9.696288
2001 07 17 10.823306
2001 07 18 11.28017
2001 07 19 13.194024
2001 07 20 13.08582
2001 07 21 10.661999
2001 07 22 10.878357
2001 07 23 11.04162
2001 07 24 12.631316
2001 07 25 11.859952
2001 07 26 13.295495
2001 07 27 13.375432
2001 07 28 14.546816
2001 07 29 14.484009
2001 07 30 13.159243
2001 07 31 10.799743
2001 08 01 14.385056
2001 08 02 17.58114
2001 08 03 15.46188
2001 08 04 14.866167
2001 08 05 14.841201
2001 08 06 12.756735
2001 08 07 11.079299
2001 08 08 11.425643
2001 08 09 13.946784
2001 08 10 13.435354
2001 08 11 9.4336
2001 08 12 10.745444
2001 08 13 11.8178625
2001 08 14 11.89517
2001 08 15 11.150334
2001 08 16 10.286357
2001 08 17 10.945445
2001 08 18 13.543748
2001 08 19 14.550341
2001 08 20 12.8995285
2001 08 21 13.382528
2001 08 22 14.237978
2001 08 23 13.773881
2001 08 24 13.779644
2001 08 25 12.932256
2001 08 26 12.276855
2001 08 27 12.560401
2001 08 28 13.380452
2001 08 29 13.482743
2001 08 30 15.124155
2001 08 31 14.334779
2001 09 01 11.170669
2001 09 02 7.9654074
2001 09 03 6.0801573
2001 09 04 5.572132
2001 09 05 6.4640846
2001 09 06 5.6390133
2001 09 07 3.4300294
2001 09 08 2.2578773
2001 09 09 4.472458
2001 09 10 4.3041525
2001 09 11 5.972942
2001 09 12 6.645892
2001 09 13 5.2409024
2001 09 14 3.9702961
2001 09 15 3.4809933
2001 09 16 2.4730995
2001 09 17 2.5277212
2001 09 18 2.631224
2001 09 19 2.1521482
2001 09 20 2.9248505
2001 09 21 2.3253152
2001 09 22 3.7644682
2001 09 23 5.3488374
2001 09 24 5.7220383
2001 09 25 7.554001
2001 09 26 7.4321413
2001 09 27 6.757661
2001 09 28 6.9011006
2001 09 29 10.311276
2001 09 30 11.186754
2002 06 01 4.11743
2002 06 02 7.75748
2002 06 03 9.232644
2002 06 04 8.235588
2002 06 05 7.091822
2002 06 06 4.9680123
2002 06 07 6.9650016
2002 06 08 8.44966
2002 06 09 8.39074
2002 06 10 8.520061
2002 06 11 8.497923
2002 06 12 10.758498
2002 06 13 14.945258
2002 06 14 17.265966
2002 06 15 18.459303
2002 06 16 16.225565
2002 06 17 15.210844
2002 06 18 16.60386
2002 06 19 16.78436
2002 06 20 15.931199
2002 06 21 16.291475
2002 06 22 17.059134
2002 06 23 17.544624
2002 06 24 17.72447
2002 06 25 16.018883
2002 06 26 13.782765
2002 06 27 10.9321
2002 06 28 9.247298
2002 06 29 7.9290323
2002 06 30 9.951938
2002 07 01 12.610805
2002 07 02 12.396484
2002 07 03 12.154665
2002 07 04 12.170965
2002 07 05 11.022446
2002 07 06 10.908816
2002 07 07 8.972538
2002 07 08 9.787957
2002 07 09 10.404026
2002 07 10 12.527007
2002 07 11 15.594116
2002 07 12 13.331356
2002 07 13 12.18542
2002 07 14 11.721059
2002 07 15 11.338504
2002 07 16 11.991299
2002 07 17 11.670431
2002 07 18 10.910434
2002 07 19 9.847829
2002 07 20 9.415232
2002 07 21 10.704417
2002 07 22 10.830415
2002 07 23 9.028809
2002 07 24 8.268063
2002 07 25 10.111567
2002 07 26 10.646409
2002 07 27 11.326372
2002 07 28 13.080019
2002 07 29 15.035477
2002 07 30 12.8181925
2002 07 31 13.310198
2002 08 01 12.747867
2002 08 02 13.69697
2002 08 03 15.4191
2002 08 04 16.11821
2002 08 05 15.832756
2002 08 06 13.870007
2002 08 07 12.782306
2002 08 08 16.656101
2002 08 09 17.715614
2002 08 10 16.773676
2002 08 11 15.442763
2002 08 12 15.472834
2002 08 13 15.265414
2002 08 14 13.91453
2002 08 15 16.85693
2002 08 16 17.950504
2002 08 17 17.937977
2002 08 18 16.512058
2002 08 19 15.630431
2002 08 20 15.460823
2002 08 21 12.77782
2002 08 22 11.7914505
2002 08 23 11.994619
2002 08 24 10.672841
2002 08 25 9.294379
2002 08 26 7.029105
2002 08 27 6.7922254
2002 08 28 6.711618
2002 08 29 6.6467967
2002 08 30 6.7678647
2002 08 31 7.7493196
2002 09 01 9.260478
2002 09 02 8.576683
2002 09 03 8.767147
2002 09 04 8.074457
2002 09 05 7.081285
2002 09 06 8.084
2002 09 07 8.8714285
2002 09 08 9.57161
2002 09 09 10.32999
2002 09 10 8.087696
2002 09 11 7.10888
2002 09 12 6.77075
2002 09 13 6.3887706
2002 09 14 6.4262567
2002 09 15 5.8860173
2002 09 16 6.018145
2002 09 17 5.4909954
2002 09 18 4.4065185
2002 09 19 3.9250865
2002 09 20 4.5264277
2002 09 21 5.3528085
2002 09 22 4.3413672
2002 09 23 4.813855
2002 09 24 4.3654246
2002 09 25 4.6986504
2002 09 26 4.080295
2002 09 27 2.406858
2002 09 28 1.5063976
2002 09 29 3.0016751
2002 09 30 2.2275105
2003 06 01 4.6089387
2003 06 02 4.015476
2003 06 03 4.59082
2003 06 04 3.8599186
2003 06 05 3.3749566
2003 06 06 4.1172523
2003 06 07 8.177565
2003 06 08 9.946573
2003 06 09 10.68709
2003 06 10 11.172272
2003 06 11 9.339115
2003 06 12 9.307159
2003 06 13 9.725441
2003 06 14 14.101702
2003 06 15 13.967172
2003 06 16 14.806526
2003 06 17 13.70245
2003 06 18 13.808336
2003 06 19 15.643948
2003 06 20 17.22784
2003 06 21 18.55799
2003 06 22 17.763023
2003 06 23 16.700832
2003 06 24 15.121324
2003 06 25 13.273243
2003 06 26 13.507618
2003 06 27 13.708609
2003 06 28 13.653387
2003 06 29 14.608861
2003 06 30 13.598749
2003 07 01 14.008647
2003 07 02 14.323751
2003 07 03 15.169399
2003 07 04 17.668545
2003 07 05 17.439436
2003 07 06 15.494893
2003 07 07 15.216226
2003 07 08 13.464441
2003 07 09 14.9071455
2003 07 10 15.409111
2003 07 11 14.996507
2003 07 12 16.34067
2003 07 13 18.030285
2003 07 14 16.91916
2003 07 15 19.155842
2003 07 16 17.977257
2003 07 17 15.024509
2003 07 18 13.853754
2003 07 19 13.656042
2003 07 20 9.960627
2003 07 21 10.83618
2003 07 22 15.034355
2003 07 23 16.3107
2003 07 24 17.614477
2003 07 25 17.596687
2003 07 26 19.349733
2003 07 27 19.997013
2003 07 28 17.874006
2003 07 29 13.765697
2003 07 30 12.196109
2003 07 31 9.809748
2003 08 01 7.416332
2003 08 02 6.9195213
2003 08 03 9.7845955
2003 08 04 11.851587
2003 08 05 12.934511
2003 08 06 14.5454035
2003 08 07 16.70569
2003 08 08 15.278159
2003 08 09 13.558304
2003 08 10 12.003719
2003 08 11 8.864201
2003 08 12 8.538745
2003 08 13 10.944109
2003 08 14 10.056336
2003 08 15 9.489028
2003 08 16 8.036145
2003 08 17 8.255839
2003 08 18 8.660636
2003 08 19 11.500297
2003 08 20 14.006235
2003 08 21 14.620426
2003 08 22 16.488472
2003 08 23 15.309807
2003 08 24 12.346959
2003 08 25 11.602468
2003 08 26 10.317814
2003 08 27 9.259382
2003 08 28 8.615446
2003 08 29 8.628821
2003 08 30 10.388318
2003 08 31 12.562122
2003 09 01 12.064177
2003 09 02 12.1748705
2003 09 03 10.796555
2003 09 04 9.905776
2003 09 05 11.0082445
2003 09 06 11.598312
2003 09 07 10.449609
2003 09 08 9.042864
2003 09 09 9.098221
2003 09 10 8.814571
2003 09 11 7.9086537
2003 09 12 7.536626
2003 09 13 7.5987096
2003 09 14 7.758901
2003 09 15 9.023233
2003 09 16 9.17166
2003 09 17 7.8383555
2003 09 18 6.7840633
2003 09 19 6.2717075
2003 09 20 6.5782003
2003 09 21 5.7376823
2003 09 22 5.519186
2003 09 23 6.318849
2003 09 24 7.544397
2003 09 25 7.7117624
2003 09 26 6.5492015
2003 09 27 5.9692655
2003 09 28 5.577646
2003 09 29 6.323256
2003 09 30 5.361183
2004 06 01 5.0366807
2004 06 02 5.6272125
2004 06 03 7.228911
2004 06 04 8.415171
2004 06 05 10.200726
2004 06 06 11.936433
2004 06 07 16.096521
2004 06 08 18.627382
2004 06 09 21.718203
2004 06 10 21.300262
2004 06 11 19.63548
2004 06 12 19.593725
2004 06 13 22.706179
2004 06 14 22.810444
2004 06 15 21.560839
2004 06 16 20.750687
2004 06 17 18.237684
2004 06 18 15.814229
2004 06 19 12.93163
2004 06 20 11.473096
2004 06 21 10.151177
2004 06 22 9.017204
2004 06 23 8.613444
2004 06 24 10.485382
2004 06 25 11.978765
2004 06 26 12.4413395
2004 06 27 11.249797
2004 06 28 10.264422
2004 06 29 10.962354
2004 06 30 11.485694
2004 07 01 12.782481
2004 07 02 13.4048
2004 07 03 13.233951
2004 07 04 12.670297
2004 07 05 9.913542
2004 07 06 9.393804
2004 07 07 8.505425
2004 07 08 9.937104
2004 07 09 10.268466
2004 07 10 11.044275
2004 07 11 11.834491
2004 07 12 12.110049
2004 07 13 12.001342
2004 07 14 14.566272
2004 07 15 16.918411
2004 07 16 16.03235
2004 07 17 12.424298
2004 07 18 10.977038
2004 07 19 12.151274
2004 07 20 12.298311
2004 07 21 10.450992
2004 07 22 11.0050335
2004 07 23 11.447265
2004 07 24 10.912161
2004 07 25 12.9609785
2004 07 26 13.867037
2004 07 27 14.707343
2004 07 28 13.235067
2004 07 29 13.113082
2004 07 30 11.923818
2004 07 31 12.167878
2004 08 01 12.482413
2004 08 02 15.36639
2004 08 03 20.173288
2004 08 04 21.769238
2004 08 05 19.941338
2004 08 06 16.650822
2004 08 07 15.681079
2004 08 08 14.235286
2004 08 09 10.708154
2004 08 10 11.055268
2004 08 11 12.637478
2004 08 12 14.877602
2004 08 13 13.606202
2004 08 14 14.42414
2004 08 15 13.840638
2004 08 16 13.549396
2004 08 17 12.206514
2004 08 18 11.637304
2004 08 19 12.414894
2004 08 20 12.96428
2004 08 21 12.878965
2004 08 22 13.054783
2004 08 23 12.439341
2004 08 24 12.038013
2004 08 25 10.221971
2004 08 26 10.569614
2004 08 27 12.295649
2004 08 28 11.686433
2004 08 29 11.191645
2004 08 30 8.561506
2004 08 31 9.931746
2004 09 01 9.360546
2004 09 02 6.3806677
2004 09 03 6.049947
2004 09 04 5.268188
2004 09 05 5.3182483
2004 09 06 4.1411963
2004 09 07 4.1752243
2004 09 08 5.5081396
2004 09 09 5.5915112
2004 09 10 6.927971
2004 09 11 8.604039
2004 09 12 8.372497
2004 09 13 8.084355
2004 09 14 7.4706044
2004 09 15 7.7642026
2004 09 16 6.777695
2004 09 17 4.96909
2004 09 18 4.231371
2004 09 19 4.6919994
2004 09 20 6.0021195
2004 09 21 6.937056
2004 09 22 6.510416
2004 09 23 4.9305787
2004 09 24 3.40067
2004 09 25 4.5713487
2004 09 26 4.4879956
2004 09 27 4.1765857
2004 09 28 5.452171
2004 09 29 8.992949
2004 09 30 7.661063
2005 06 01 5.338888
2005 06 02 7.4164867
2005 06 03 7.2910643
2005 06 04 6.424148
2005 06 05 2.7305956
2005 06 06 4.457817
2005 06 07 5.881953
2005 06 08 6.1395497
2005 06 09 5.3323708
2005 06 10 6.465661
2005 06 11 6.9728
2005 06 12 9.056761
2005 06 13 8.152842
2005 06 14 7.475895
2005 06 15 7.12352
2005 06 16 13.597019
2005 06 17 17.747465
2005 06 18 18.014168
2005 06 19 19.111235
2005 06 20 18.714018
2005 06 21 18.835829
2005 06 22 16.726078
2005 06 23 14.446551
2005 06 24 13.956167
2005 06 25 13.20446
2005 06 26 14.780202
2005 06 27 14.703677
2005 06 28 16.088818
2005 06 29 16.256239
2005 06 30 16.851425
2005 07 01 16.470299
2005 07 02 14.917484
2005 07 03 14.739024
2005 07 04 16.35156
2005 07 05 16.425701
2005 07 06 15.087302
2005 07 07 12.86593
2005 07 08 11.146362
2005 07 09 13.207621
2005 07 10 15.784367
2005 07 11 17.117258
2005 07 12 16.956066
2005 07 13 13.905284
2005 07 14 11.29615
2005 07 15 11.603896
2005 07 16 11.482372
2005 07 17 11.731795
2005 07 18 11.520041
2005 07 19 11.779312
2005 07 20 12.244978
2005 07 21 11.368869
2005 07 22 12.3450985
2005 07 23 13.643723
2005 07 24 18.17546
2005 07 25 20.0053
2005 07 26 19.313961
2005 07 27 16.776583
2005 07 28 16.30686
2005 07 29 20.03292
2005 07 30 20.333288
2005 07 31 20.314707
2005 08 01 22.233757
2005 08 02 19.287859
2005 08 03 16.636948
2005 08 04 16.804853
2005 08 05 16.689688
2005 08 06 16.31953
2005 08 07 15.31199
2005 08 08 14.195863
2005 08 09 12.909935
2005 08 10 13.786371
2005 08 11 15.166265
2005 08 12 14.093365
2005 08 13 12.761284
2005 08 14 12.912077
2005 08 15 14.273053
2005 08 16 14.4136305
2005 08 17 12.489791
2005 08 18 9.696027
2005 08 19 9.888257
2005 08 20 9.177485
2005 08 21 8.8236065
2005 08 22 5.80399
2005 08 23 3.9867036
2005 08 24 5.639591
2005 08 25 6.0254836
2005 08 26 6.352375
2005 08 27 7.000684
2005 08 28 6.517314
2005 08 29 7.4932647
2005 08 30 6.666118
2005 08 31 7.8628306
2005 09 01 7.506352
2005 09 02 9.036867
2005 09 03 10.587534
2005 09 04 13.157374
2005 09 05 11.582233
2005 09 06 10.530716
2005 09 07 11.884113
2005 09 08 13.251081
2005 09 09 11.949324
2005 09 10 13.6781845
2005 09 11 15.512361
2005 09 12 15.653245
2005 09 13 14.106587
2005 09 14 12.642604
2005 09 15 10.630723
2005 09 16 7.44739
2005 09 17 6.830664
2005 09 18 8.869384
2005 09 19 12.424052
2005 09 20 14.62364
2005 09 21 12.351916
2005 09 22 9.168062
2005 09 23 6.7924395
2005 09 24 5.715185
2005 09 25 5.5204268
2005 09 26 5.687208
2005 09 27 6.0496693
2005 09 28 5.2984843
2005 09 29 4.3266125
2005 09 30 3.8782935
2006 06 01 18.571106
2006 06 02 15.73503
2006 06 03 13.141373
2006 06 04 10.708014
2006 06 05 8.653384
2006 06 06 7.0946403
2006 06 07 5.670651
2006 06 08 5.683833
2006 06 09 4.8555045
2006 06 10 4.4517612
2006 06 11 3.474018
2006 06 12 3.4366848
2006 06 13 4.1935463
2006 06 14 5.1126184
2006 06 15 5.8448043
2006 06 16 5.727184
2006 06 17 5.125136
2006 06 18 5.0389953
2006 06 19 6.5583744
2006 06 20 8.469135
2006 06 21 8.635331
2006 06 22 9.772742
2006 06 23 15.663846
2006 06 24 18.282644
2006 06 25 19.596863
2006 06 26 18.208384
2006 06 27 18.415598
2006 06 28 20.88247
2006 06 29 19.302313
2006 06 30 18.971533
2006 07 01 22.123533
2006 07 02 24.526026
2006 07 03 23.953388
2006 07 04 22.39315
2006 07 05 20.381445
2006 07 06 17.55502
2006 07 07 14.605542
2006 07 08 13.476754
2006 07 09 14.669162
2006 07 10 15.849402
2006 07 11 17.724195
2006 07 12 17.918879
2006 07 13 18.857805
2006 07 14 18.360413
2006 07 15 18.070688
2006 07 16 16.25029
2006 07 17 16.00443
2006 07 18 15.572345
2006 07 19 15.817927
2006 07 20 14.919576
2006 07 21 14.584034
2006 07 22 13.639809
2006 07 23 12.248755
2006 07 24 11.323926
2006 07 25 11.434228
2006 07 26 11.06143
2006 07 27 12.398758
2006 07 28 14.003717
2006 07 29 14.932853
2006 07 30 13.557795
2006 07 31 11.499972
2006 08 01 11.53956
2006 08 02 12.476267
2006 08 03 12.5365925
2006 08 04 9.734397
2006 08 05 8.722629
2006 08 06 7.1195703
2006 08 07 7.1964164
2006 08 08 8.363716
2006 08 09 10.729568
2006 08 10 13.964142
2006 08 11 16.376558
2006 08 12 16.817104
2006 08 13 17.576368
2006 08 14 16.930767
2006 08 15 18.410301
2006 08 16 18.827894
2006 08 17 16.233047
2006 08 18 14.713712
2006 08 19 11.562162
2006 08 20 9.374354
2006 08 21 8.473835
2006 08 22 9.102797
2006 08 23 7.479738
2006 08 24 6.689652
2006 08 25 3.1706257
2006 08 26 3.5005007
2006 08 27 5.9576583
2006 08 28 8.57975
2006 08 29 9.170841
2006 08 30 10.171865
2006 08 31 10.039547
2006 09 01 10.261344
2006 09 02 7.2992263
2006 09 03 8.795153
2006 09 04 8.850169
2006 09 05 9.072781
2006 09 06 6.3744283
2006 09 07 4.7349086
2006 09 08 4.3163886
2006 09 09 5.092866
2006 09 10 6.576299
2006 09 11 9.045519
2006 09 12 12.458379
2006 09 13 12.5379305
2006 09 14 12.78918
2006 09 15 12.665035
2006 09 16 13.472689
2006 09 17 12.725595
2006 09 18 11.682951
2006 09 19 10.639697
2006 09 20 9.790415
2006 09 21 10.581789
2006 09 22 8.141114
2006 09 23 5.58774
2006 09 24 5.544988
2006 09 25 8.522721
2006 09 26 7.8891463
2006 09 27 6.739872
2006 09 28 6.3345137
2006 09 29 5.9302297
2006 09 30 5.982269
2007 06 01 9.673131
2007 06 02 11.234483
2007 06 03 9.246432
2007 06 04 7.062677
2007 06 05 5.2385497
2007 06 06 4.945257
2007 06 07 4.1821127
2007 06 08 3.1504598
2007 06 09 3.7465067
2007 06 10 7.1537013
2007 06 11 11.196661
2007 06 12 13.623002
2007 06 13 10.712423
2007 06 14 12.705693
2007 06 15 16.423826
2007 06 16 16.236834
2007 06 17 15.203776
2007 06 18 17.267513
2007 06 19 16.671124
2007 06 20 15.822378
2007 06 21 17.516123
2007 06 22 21.429043
2007 06 23 23.90897
2007 06 24 18.23415
2007 06 25 15.822692
2007 06 26 16.042547
2007 06 27 17.389072
2007 06 28 19.678234
2007 06 29 20.828001
2007 06 30 22.166975
2007 07 01 20.353344
2007 07 02 18.560032
2007 07 03 18.496151
2007 07 04 17.327414
2007 07 05 17.830732
2007 07 06 18.431765
2007 07 07 18.208393
2007 07 08 17.97221
2007 07 09 17.215378
2007 07 10 16.703857
2007 07 11 13.850683
2007 07 12 14.778044
2007 07 13 17.491972
2007 07 14 17.206743
2007 07 15 17.090582
2007 07 16 20.897612
2007 07 17 19.211468
2007 07 18 13.456345
2007 07 19 11.086746
2007 07 20 13.155659
2007 07 21 15.674506
2007 07 22 14.88052
2007 07 23 13.802882
2007 07 24 11.044102
2007 07 25 11.883114
2007 07 26 11.218168
2007 07 27 10.131497
2007 07 28 9.201828
2007 07 29 10.168054
2007 07 30 8.339239
2007 07 31 8.992128
2007 08 01 11.256136
2007 08 02 15.563224
2007 08 03 14.359944
2007 08 04 14.973995
2007 08 05 16.85562
2007 08 06 17.366877
2007 08 07 18.23954
2007 08 08 19.322
2007 08 09 18.990395
2007 08 10 16.534906
2007 08 11 13.895413
2007 08 12 12.040219
2007 08 13 11.825703
2007 08 14 9.6961355
2007 08 15 7.355103
2007 08 16 5.165009
2007 08 17 5.5104775
2007 08 18 7.569693
2007 08 19 9.047855
2007 08 20 12.524216
2007 08 21 14.982657
2007 08 22 12.263511
2007 08 23 11.299106
2007 08 24 9.529175
2007 08 25 9.353537
2007 08 26 10.116604
2007 08 27 9.394359
2007 08 28 10.210709
2007 08 29 9.052425
2007 08 30 10.015737
2007 08 31 12.615434
2007 09 01 14.001843
2007 09 02 15.394963
2007 09 03 14.268136
2007 09 04 14.139408
2007 09 05 15.391194
2007 09 06 15.838731
2007 09 07 14.797083
2007 09 08 11.130926
2007 09 09 7.194084
2007 09 10 4.421143
2007 09 11 1.9012955
2007 09 12 1.0799628
2007 09 13 2.0848253
2007 09 14 5.326409
2007 09 15 7.68143
2007 09 16 7.1996646
2007 09 17 6.7587533
2007 09 18 9.897867
2007 09 19 9.506956
2007 09 20 9.849038
2007 09 21 11.633442
2007 09 22 12.948856
2007 09 23 15.86944
2007 09 24 17.348524
2007 09 25 11.942365
2007 09 26 8.2767515
2007 09 27 8.807602
2007 09 28 9.240666
2007 09 29 8.053352
2007 09 30 6.4303646
2008 06 01 2.7217703
2008 06 02 3.013
2008 06 03 9.041413
2008 06 04 13.428354
2008 06 05 12.333198
2008 06 06 13.495602
2008 06 07 14.498234
2008 06 08 17.079884
2008 06 09 16.637722
2008 06 10 15.351607
2008 06 11 14.506325
2008 06 12 13.904011
2008 06 13 13.897619
2008 06 14 15.029871
2008 06 15 13.305259
2008 06 16 13.160625
2008 06 17 14.868306
2008 06 18 15.122309
2008 06 19 13.424966
2008 06 20 9.791034
2008 06 21 8.955273
2008 06 22 9.865062
2008 06 23 10.310414
2008 06 24 12.596972
2008 06 25 12.788592
2008 06 26 11.456507
2008 06 27 14.512733
2008 06 28 19.3999
2008 06 29 19.552172
2008 06 30 16.806684
2008 07 01 14.959099
2008 07 02 12.645956
2008 07 03 11.317865
2008 07 04 11.771868
2008 07 05 12.483792
2008 07 06 12.886316
2008 07 07 13.282585
2008 07 08 13.0971775
2008 07 09 11.629414
2008 07 10 11.279103
2008 07 11 11.50648
2008 07 12 11.333205
2008 07 13 11.616564
2008 07 14 9.229821
2008 07 15 10.5028715
2008 07 16 11.847406
2008 07 17 12.560512
2008 07 18 11.638743
2008 07 19 10.97036
2008 07 20 10.233335
2008 07 21 15.136779
2008 07 22 16.375433
2008 07 23 16.049713
2008 07 24 16.425549
2008 07 25 19.897509
2008 07 26 19.563383
2008 07 27 20.661589
2008 07 28 20.585272
2008 07 29 20.64777
2008 07 30 19.123041
2008 07 31 17.773005
2008 08 01 15.124034
2008 08 02 14.700517
2008 08 03 13.307541
2008 08 04 12.906064
2008 08 05 11.775382
2008 08 06 14.286548
2008 08 07 14.157407
2008 08 08 14.385056
2008 08 09 14.91371
2008 08 10 17.794966
2008 08 11 18.36834
2008 08 12 17.649664
2008 08 13 16.95219
2008 08 14 16.115463
2008 08 15 13.826221
2008 08 16 13.182347
2008 08 17 10.646332
2008 08 18 9.571516
2008 08 19 7.500109
2008 08 20 7.5869765
2008 08 21 7.7035427
2008 08 22 6.9380565
2008 08 23 7.675747
2008 08 24 8.06452
2008 08 25 6.559003
2008 08 26 6.544287
2008 08 27 5.354255
2008 08 28 5.7584305
2008 08 29 4.4853716
2008 08 30 4.811408
2008 08 31 4.2962036
2008 09 01 5.092775
2008 09 02 6.0967574
2008 09 03 4.9838886
2008 09 04 4.730937
2008 09 05 4.7447042
2008 09 06 4.6319127
2008 09 07 5.706061
2008 09 08 8.276346
2008 09 09 14.29698
2008 09 10 14.414651
2008 09 11 14.622238
2008 09 12 15.051524
2008 09 13 12.534735
2008 09 14 11.664897
2008 09 15 10.985391
2008 09 16 12.237277
2008 09 17 10.95058
2008 09 18 10.353332
2008 09 19 8.502356
2008 09 20 6.408
2008 09 21 4.7177854
2008 09 22 3.7119842
2008 09 23 2.1768963
2008 09 24 2.8294072
2008 09 25 3.7005496
2008 09 26 3.7309492
2008 09 27 3.394814
2008 09 28 2.5704877
2008 09 29 1.5156115
2008 09 30 1.3043612
2009 06 01 7.037771
2009 06 02 6.277703
2009 06 03 7.2521977
2009 06 04 9.295407
2009 06 05 14.581033
2009 06 06 16.153345
2009 06 07 13.896132
2009 06 08 10.14496
2009 06 09 6.8815794
2009 06 10 4.9547324
2009 06 11 4.6999025
2009 06 12 4.727139
2009 06 13 2.746794
2009 06 14 3.2406023
2009 06 15 5.629362
2009 06 16 8.741836
2009 06 17 8.024432
2009 06 18 5.763944
2009 06 19 7.3068547
2009 06 20 9.294442
2009 06 21 11.226553
2009 06 22 11.17757
2009 06 23 10.616901
2009 06 24 10.417886
2009 06 25 11.485466
2009 06 26 10.780791
2009 06 27 12.0038395
2009 06 28 11.755337
2009 06 29 13.007531
2009 06 30 17.24145
2009 07 01 17.30035
2009 07 02 20.311405
2009 07 03 20.626163
2009 07 04 20.958673
2009 07 05 21.321033
2009 07 06 19.070936
2009 07 07 19.233562
2009 07 08 18.942024
2009 07 09 18.989086
2009 07 10 17.772919
2009 07 11 15.810741
2009 07 12 15.683726
2009 07 13 19.525686
2009 07 14 20.755041
2009 07 15 22.801527
2009 07 16 21.342918
2009 07 17 21.451813
2009 07 18 16.98162
2009 07 19 16.819107
2009 07 20 16.94935
2009 07 21 17.201126
2009 07 22 16.039537
2009 07 23 16.284056
2009 07 24 12.393489
2009 07 25 10.722459
2009 07 26 10.032895
2009 07 27 12.373699
2009 07 28 14.473034
2009 07 29 13.769074
2009 07 30 13.582755
2009 07 31 12.525218
2009 08 01 11.117718
2009 08 02 9.490166
2009 08 03 9.490193
2009 08 04 10.344769
2009 08 05 11.352359
2009 08 06 11.024004
2009 08 07 11.008516
2009 08 08 11.315295
2009 08 09 11.416478
2009 08 10 11.98012
2009 08 11 11.446044
2009 08 12 10.340882
2009 08 13 8.983791
2009 08 14 8.6425
2009 08 15 9.431237
2009 08 16 8.565872
2009 08 17 8.413092
2009 08 18 8.032336
2009 08 19 6.530302
2009 08 20 4.3838377
2009 08 21 6.723601
2009 08 22 9.290843
2009 08 23 10.989764
2009 08 24 11.099877
2009 08 25 10.990526
2009 08 26 11.7665415
2009 08 27 11.513004
2009 08 28 10.476547
2009 08 29 10.42764
2009 08 30 10.987231
2009 08 31 11.775441
2009 09 01 13.62108
2009 09 02 13.6259575
2009 09 03 16.249819
2009 09 04 18.186146
2009 09 05 17.947195
2009 09 06 15.260815
2009 09 07 13.9268675
2009 09 08 11.915234
2009 09 09 9.5062065
2009 09 10 8.3102045
2009 09 11 5.5168533
2009 09 12 2.9802783
2009 09 13 2.9706376
2009 09 14 4.419344
2009 09 15 4.908436
2009 09 16 4.7248254
2009 09 17 4.06062
2009 09 18 3.369778
2009 09 19 4.314476
2009 09 20 4.8869514
2009 09 21 4.6391816
2009 09 22 3.9155369
2009 09 23 5.719447
2009 09 24 5.911268
2009 09 25 5.605368
2009 09 26 4.600123
2009 09 27 5.7489824
2009 09 28 5.884633
2009 09 29 7.77188
2009 09 30 9.630633
2010 06 01 6.715585
2010 06 02 4.7056746
2010 06 03 3.3560317
2010 06 04 4.92459
2010 06 05 7.032072
2010 06 06 7.9043384
2010 06 07 10.04567
2010 06 08 10.913218
2010 06 09 10.965281
2010 06 10 11.945187
2010 06 11 13.1231785
2010 06 12 14.385685
2010 06 13 17.059864
2010 06 14 18.075144
2010 06 15 15.217039
2010 06 16 13.301033
2010 06 17 13.631629
2010 06 18 10.679057
2010 06 19 9.0912075
2010 06 20 5.830938
2010 06 21 5.780212
2010 06 22 7.3920507
2010 06 23 12.188042
2010 06 24 17.078552
2010 06 25 18.48458
2010 06 26 15.2133665
2010 06 27 11.548512
2010 06 28 11.046859
2010 06 29 10.479637
2010 06 30 11.280042
2010 07 01 12.819831
2010 07 02 13.858014
2010 07 03 16.30194
2010 07 04 14.729756
2010 07 05 17.963858
2010 07 06 16.369846
2010 07 07 14.952556
2010 07 08 11.973934
2010 07 09 9.714252
2010 07 10 7.0227156
2010 07 11 5.228832
2010 07 12 5.223258
2010 07 13 5.488636
2010 07 14 7.8027124
2010 07 15 11.604999
2010 07 16 13.832589
2010 07 17 15.722489
2010 07 18 19.0319
2010 07 19 20.28938
2010 07 20 17.23946
2010 07 21 18.489405
2010 07 22 16.1977
2010 07 23 15.350923
2010 07 24 17.513231
2010 07 25 20.40769
2010 07 26 21.143618
2010 07 27 20.462164
2010 07 28 20.113691
2010 07 29 19.11453
2010 07 30 18.72405
2010 07 31 16.419207
2010 08 01 13.861706
2010 08 02 15.127949
2010 08 03 17.850351
2010 08 04 14.687907
2010 08 05 10.026848
2010 08 06 13.876096
2010 08 07 15.375401
2010 08 08 15.06232
2010 08 09 13.911453
2010 08 10 11.955358
2010 08 11 11.899253
2010 08 12 11.652265
2010 08 13 13.740199
2010 08 14 13.455582
2010 08 15 12.826916
2010 08 16 14.978043
2010 08 17 15.256622
2010 08 18 14.276865
2010 08 19 8.711148
2010 08 20 7.4540806
2010 08 21 8.551839
2010 08 22 12.517319
2010 08 23 15.524228
2010 08 24 13.155613
2010 08 25 14.309122
2010 08 26 16.277262
2010 08 27 14.622675
2010 08 28 11.422142
2010 08 29 11.525737
2010 08 30 15.264626
2010 08 31 13.380136
2010 09 01 10.816755
2010 09 02 11.661048
2010 09 03 11.066323
2010 09 04 7.7895164
2010 09 05 8.4920025
2010 09 06 9.884885
2010 09 07 12.367175
2010 09 08 13.003378
2010 09 09 11.926449
2010 09 10 11.339238
2010 09 11 9.376882
2010 09 12 8.580437
2010 09 13 10.351682
2010 09 14 9.466128
2010 09 15 9.662521
2010 09 16 9.675677
2010 09 17 9.553607
2010 09 18 10.50172
2010 09 19 6.5110936
2010 09 20 3.5311115
2010 09 21 2.6012914
2010 09 22 1.7383515
2010 09 23 1.0157561
2010 09 24 1.3199245
2010 09 25 2.4107463
2010 09 26 3.6034677
2010 09 27 4.2402205
2010 09 28 5.9050975
2010 09 29 6.3273973
2010 09 30 5.6597137
2011 06 01 7.814322
2011 06 02 12.654827
2011 06 03 13.995325
2011 06 04 12.273254
2011 06 05 11.763833
2011 06 06 12.644699
2011 06 07 12.26014
2011 06 08 12.667988
2011 06 09 12.883716
2011 06 10 12.624896
2011 06 11 13.072873
2011 06 12 13.8125105
2011 06 13 15.0354395
2011 06 14 15.314674
2011 06 15 12.971945
2011 06 16 14.980622
2011 06 17 16.27068
2011 06 18 14.479801
2011 06 19 12.353058
2011 06 20 11.79478
2011 06 21 10.8549185
2011 06 22 11.238575
2011 06 23 10.405647
2011 06 24 12.599366
2011 06 25 15.188745
2011 06 26 16.518097
2011 06 27 16.892332
2011 06 28 13.77771
2011 06 29 10.584218
2011 06 30 10.168732
2011 07 01 10.595394
2011 07 02 11.670602
2011 07 03 11.09332
2011 07 04 11.784966
2011 07 05 14.798863
2011 07 06 15.689696
2011 07 07 12.428229
2011 07 08 10.707012
2011 07 09 7.513784
2011 07 10 9.010638
2011 07 11 12.127265
2011 07 12 12.903964
2011 07 13 15.720011
2011 07 14 17.524258
2011 07 15 19.164625
2011 07 16 20.68083
2011 07 17 19.214113
2011 07 18 18.042725
2011 07 19 18.21781
2011 07 20 17.052147
2011 07 21 16.714382
2011 07 22 16.25109
2011 07 23 17.183449
2011 07 24 17.29012
2011 07 25 14.793441
2011 07 26 13.391499
2011 07 27 12.380474
2011 07 28 10.916237
2011 07 29 9.62944
2011 07 30 10.43894
2011 07 31 10.969903
2011 08 01 12.965457
2011 08 02 15.325932
2011 08 03 16.031523
2011 08 04 14.5737705
2011 08 05 16.39101
2011 08 06 17.020554
2011 08 07 15.895408
2011 08 08 16.411518
2011 08 09 15.219327
2011 08 10 13.826707
2011 08 11 14.254209
2011 08 12 14.5491705
2011 08 13 11.815492
2011 08 14 10.365742
2011 08 15 9.2687435
2011 08 16 10.917501
2011 08 17 10.030485
2011 08 18 12.582775
2011 08 19 13.852736
2011 08 20 15.476549
2011 08 21 14.843362
2011 08 22 12.388685
2011 08 23 12.429895
2011 08 24 11.345398
2011 08 25 9.556111
2011 08 26 9.092166
2011 08 27 13.1789465
2011 08 28 13.808588
2011 08 29 16.598986
2011 08 30 17.569
2011 08 31 20.15908
2011 09 01 19.395943
2011 09 02 19.718815
2011 09 03 17.204716
2011 09 04 14.6393585
2011 09 05 10.980666
2011 09 06 11.54547
2011 09 07 13.362434
2011 09 08 11.863691
2011 09 09 10.309736
2011 09 10 10.902594
2011 09 11 11.92455
2011 09 12 13.219046
2011 09 13 12.854191
2011 09 14 15.360305
2011 09 15 13.571516
2011 09 16 8.913699
2011 09 17 8.409082
2011 09 18 7.242591
2011 09 19 5.8511906
2011 09 20 5.963677
2011 09 21 8.48513
2011 09 22 7.0343847
2011 09 23 5.3313594
2011 09 24 2.7673237
2011 09 25 2.431788
2011 09 26 3.352006
2011 09 27 3.7169023
2011 09 28 4.933156
2011 09 29 4.2236395
2011 09 30 2.9684844
2012 06 01 7.098504
2012 06 02 8.111992
2012 06 03 11.272361
2012 06 04 12.211003
2012 06 05 13.025268
2012 06 06 11.7512
2012 06 07 11.290111
2012 06 08 10.244942
2012 06 09 9.723122
2012 06 10 9.384748
2012 06 11 12.16079
2012 06 12 13.097483
2012 06 13 12.363106
2012 06 14 9.445244
2012 06 15 9.10349
2012 06 16 10.9907055
2012 06 17 15.113218
2012 06 18 16.49036
2012 06 19 12.745975
2012 06 20 10.882436
2012 06 21 12.580541
2012 06 22 11.06511
2012 06 23 9.563564
2012 06 24 9.779913
2012 06 25 9.907632
2012 06 26 12.582243
2012 06 27 13.241514
2012 06 28 13.573122
2012 06 29 14.371416
2012 06 30 13.899924
2012 07 01 17.871471
2012 07 02 18.527712
2012 07 03 17.117765
2012 07 04 15.617231
2012 07 05 11.442662
2012 07 06 13.38975
2012 07 07 14.307813
2012 07 08 16.531603
2012 07 09 16.172792
2012 07 10 15.990826
2012 07 11 17.03393
2012 07 12 13.395272
2012 07 13 10.897823
2012 07 14 10.156273
2012 07 15 10.140045
2012 07 16 11.614657
2012 07 17 11.279192
2012 07 18 11.135805
2012 07 19 13.353562
2012 07 20 18.935463
2012 07 21 17.338879
2012 07 22 13.711609
2012 07 23 11.862433
2012 07 24 14.332592
2012 07 25 15.404867
2012 07 26 17.069998
2012 07 27 13.722937
2012 07 28 11.981666
2012 07 29 11.786989
2012 07 30 11.105531
2012 07 31 13.667782
2012 08 01 11.199058
2012 08 02 10.169182
2012 08 03 12.586089
2012 08 04 14.55397
2012 08 05 13.98682
2012 08 06 13.963274
2012 08 07 11.919377
2012 08 08 10.926346
2012 08 09 11.39027
2012 08 10 15.005252
2012 08 11 15.7114105
2012 08 12 13.613169
2012 08 13 10.67658
2012 08 14 9.31949
2012 08 15 10.656484
2012 08 16 10.237472
2012 08 17 11.448602
2012 08 18 12.5307455
2012 08 19 9.847043
2012 08 20 7.5435643
2012 08 21 8.792141
2012 08 22 7.0243664
2012 08 23 6.765617
2012 08 24 7.2838144
2012 08 25 10.216582
2012 08 26 12.309416
2012 08 27 13.159032
2012 08 28 15.771554
2012 08 29 17.503279
2012 08 30 17.092705
2012 08 31 17.683815
2012 09 01 16.796244
2012 09 02 15.539485
2012 09 03 15.980141
2012 09 04 16.67428
2012 09 05 13.121816
2012 09 06 13.628245
2012 09 07 14.783064
2012 09 08 11.7864
2012 09 09 10.954161
2012 09 10 11.41822
2012 09 11 9.862011
2012 09 12 8.631498
2012 09 13 7.328508
2012 09 14 8.674153
2012 09 15 11.063557
2012 09 16 9.840007
2012 09 17 7.8995686
2012 09 18 8.24789
2012 09 19 5.1796007
2012 09 20 4.941148
2012 09 21 3.0086617
2012 09 22 3.769036
2012 09 23 3.2131314
2012 09 24 4.5775266
2012 09 25 4.59742
2012 09 26 4.4551344
2012 09 27 5.10476
2012 09 28 6.9969754
2012 09 29 5.133019
2012 09 30 5.1390643
2013 06 01 11.123766
2013 06 02 14.026859
2013 06 03 12.426528
2013 06 04 10.57982
2013 06 05 8.809673
2013 06 06 12.019745
2013 06 07 12.930426
2013 06 08 15.329659
2013 06 09 15.454956
2013 06 10 17.475945
2013 06 11 17.550251
2013 06 12 17.254116
2013 06 13 20.221378
2013 06 14 19.421518
2013 06 15 21.018444
2013 06 16 20.34116
2013 06 17 19.946913
2013 06 18 18.024414
2013 06 19 17.785053
2013 06 20 15.744471
2013 06 21 14.623627
2013 06 22 17.324272
2013 06 23 18.794197
2013 06 24 20.084135
2013 06 25 18.690142
2013 06 26 15.8720045
2013 06 27 13.79618
2013 06 28 11.838918
2013 06 29 10.715726
2013 06 30 12.411696
2013 07 01 14.549146
2013 07 02 16.27527
2013 07 03 16.965324
2013 07 04 16.945307
2013 07 05 15.952483
2013 07 06 15.577504
2013 07 07 16.41601
2013 07 08 15.055998
2013 07 09 15.291076
2013 07 10 18.43789
2013 07 11 19.46147
2013 07 12 18.21347
2013 07 13 13.71312
2013 07 14 15.838054
2013 07 15 14.931761
2013 07 16 15.974924
2013 07 17 16.561924
2013 07 18 19.118776
2013 07 19 20.61626
2013 07 20 18.888071
2013 07 21 17.957417
2013 07 22 20.458855
2013 07 23 21.521101
2013 07 24 21.505583
2013 07 25 20.88166
2013 07 26 19.303944
2013 07 27 15.565558
2013 07 28 15.606427
2013 07 29 15.504255
2013 07 30 17.328873
2013 07 31 19.714972
2013 08 01 23.105871
2013 08 02 20.746782
2013 08 03 19.370686
2013 08 04 18.750658
2013 08 05 18.535093
2013 08 06 16.967548
2013 08 07 11.694141
2013 08 08 10.754146
2013 08 09 11.669607
2013 08 10 12.548822
2013 08 11 11.503777
2013 08 12 10.263713
2013 08 13 11.395345
2013 08 14 10.3577
2013 08 15 9.392314
2013 08 16 9.32678
2013 08 17 9.962614
2013 08 18 10.710557
2013 08 19 9.230773
2013 08 20 10.271368
2013 08 21 11.107843
2013 08 22 12.333108
2013 08 23 12.897404
2013 08 24 11.9345045
2013 08 25 10.197584
2013 08 26 10.343157
2013 08 27 10.180923
2013 08 28 9.595945
2013 08 29 9.392578
2013 08 30 8.045093
2013 08 31 5.5849714
2013 09 01 3.8048482
2013 09 02 3.0931804
2013 09 03 2.6885831
2013 09 04 2.6753802
2013 09 05 4.5285773
2013 09 06 7.403903
2013 09 07 9.159651
2013 09 08 9.484302
2013 09 09 8.822086
2013 09 10 8.228287
2013 09 11 6.5467505
2013 09 12 8.063564
2013 09 13 9.487686
2013 09 14 8.843157
2013 09 15 8.672216
2013 09 16 10.194884
2013 09 17 13.290039
2013 09 18 10.997042
2013 09 19 11.232411
2013 09 20 11.202067
2013 09 21 9.784525
2013 09 22 9.143456
2013 09 23 9.580297
2013 09 24 8.672772
2013 09 25 8.315438
2013 09 26 7.171508
2013 09 27 5.2012024
2013 09 28 5.2595186
2013 09 29 6.6079397
2013 09 30 8.074198
2014 06 01 2.4712656
2014 06 02 4.4194565
2014 06 03 3.400111
2014 06 04 4.1733227
2014 06 05 4.868543
2014 06 06 6.6504974
2014 06 07 8.293962
2014 06 08 11.321346
2014 06 09 17.410837
2014 06 10 16.075712
2014 06 11 14.379069
2014 06 12 13.924852
2014 06 13 13.937765
2014 06 14 14.154472
2014 06 15 13.840956
2014 06 16 14.545171
2014 06 17 15.485965
2014 06 18 19.047901
2014 06 19 19.293795
2014 06 20 17.836832
2014 06 21 16.668852
2014 06 22 12.045785
2014 06 23 10.329716
2014 06 24 11.128003
2014 06 25 10.157954
2014 06 26 7.2872996
2014 06 27 5.0756736
2014 06 28 5.069088
2014 06 29 6.192346
2014 06 30 8.098747
2014 07 01 9.250536
2014 07 02 9.2181015
2014 07 03 11.844692
2014 07 04 13.173426
2014 07 05 12.783154
2014 07 06 13.80904
2014 07 07 16.142624
2014 07 08 15.82772
2014 07 09 16.200014
2014 07 10 15.300362
2014 07 11 17.293636
2014 07 12 22.093725
2014 07 13 21.056509
2014 07 14 19.764845
2014 07 15 20.918692
2014 07 16 20.544388
2014 07 17 18.981554
2014 07 18 17.9907
2014 07 19 18.116087
2014 07 20 16.600956
2014 07 21 15.5219
2014 07 22 18.261978
2014 07 23 19.814054
2014 07 24 17.815989
2014 07 25 15.915124
2014 07 26 13.861511
2014 07 27 14.434117
2014 07 28 14.982556
2014 07 29 14.511683
2014 07 30 18.04453
2014 07 31 19.45115
2014 08 01 20.457104
2014 08 02 17.164373
2014 08 03 16.40428
2014 08 04 17.70984
2014 08 05 18.380253
2014 08 06 16.910145
2014 08 07 15.152105
2014 08 08 15.667247
2014 08 09 15.6891575
2014 08 10 16.228378
2014 08 11 14.146506
2014 08 12 12.3521385
2014 08 13 11.46677
2014 08 14 12.354058
2014 08 15 13.661845
2014 08 16 12.399906
2014 08 17 12.931008
2014 08 18 10.881963
2014 08 19 7.1690874
2014 08 20 8.185836
2014 08 21 7.7601748
2014 08 22 8.127063
2014 08 23 7.474745
2014 08 24 7.581321
2014 08 25 5.957811
2014 08 26 6.4653006
2014 08 27 7.0639377
2014 08 28 9.810761
2014 08 29 12.639828
2014 08 30 16.444542
2014 08 31 14.997603
2014 09 01 14.195996
2014 09 02 13.096623
2014 09 03 12.342292
2014 09 04 11.497328
2014 09 05 11.990017
2014 09 06 13.311707
2014 09 07 11.413549
2014 09 08 10.18252
2014 09 09 9.445955
2014 09 10 9.415168
2014 09 11 8.002858
2014 09 12 7.618603
2014 09 13 9.12978
2014 09 14 9.771269
2014 09 15 8.312621
2014 09 16 8.754241
2014 09 17 8.356898
2014 09 18 7.8666596
2014 09 19 8.4912
2014 09 20 8.353005
2014 09 21 7.3602834
2014 09 22 6.4268913
2014 09 23 6.976848
2014 09 24 5.482598
2014 09 25 4.5147867
2014 09 26 4.8453255
2014 09 27 4.057729
2014 09 28 4.8566337
2014 09 29 4.252992
2014 09 30 3.9111948
2015 06 01 1.8621652
2015 06 02 1.2988635
2015 06 03 1.0634742
2015 06 04 2.3219414
2015 06 05 6.772944
2015 06 06 11.055043
2015 06 07 10.650541
2015 06 08 8.68608
2015 06 09 10.841536
2015 06 10 8.570245
2015 06 11 8.57733
2015 06 12 9.331829
2015 06 13 10.779742
2015 06 14 9.881334
2015 06 15 9.833307
2015 06 16 13.230805
2015 06 17 16.142855
2015 06 18 17.860762
2015 06 19 21.400599
2015 06 20 24.939993
2015 06 21 25.501999
2015 06 22 23.407738
2015 06 23 20.609386
2015 06 24 19.814716
2015 06 25 21.269096
2015 06 26 19.975437
2015 06 27 15.763888
2015 06 28 11.3305855
2015 06 29 9.599596
2015 06 30 8.521454
2015 07 01 8.063073
2015 07 02 7.6630383
2015 07 03 8.674794
2015 07 04 9.273258
2015 07 05 9.517132
2015 07 06 11.643004
2015 07 07 11.844746
2015 07 08 11.861184
2015 07 09 15.487526
2015 07 10 18.504677
2015 07 11 18.233932
2015 07 12 14.994871
2015 07 13 13.686067
2015 07 14 14.466815
2015 07 15 15.995662
2015 07 16 16.812145
2015 07 17 19.137947
2015 07 18 16.962372
2015 07 19 18.14932
2015 07 20 17.805006
2015 07 21 16.986826
2015 07 22 17.29623
2015 07 23 15.645398
2015 07 24 13.969239
2015 07 25 14.35625
2015 07 26 12.954719
2015 07 27 11.408502
2015 07 28 8.546579
2015 07 29 8.002523
2015 07 30 8.294364
2015 07 31 8.7578125
2015 08 01 9.410808
2015 08 02 9.68419
2015 08 03 9.342011
2015 08 04 10.323553
2015 08 05 13.470688
2015 08 06 13.344408
2015 08 07 11.261514
2015 08 08 12.966485
2015 08 09 14.875733
2015 08 10 14.514096
2015 08 11 13.363413
2015 08 12 16.228325
2015 08 13 16.635666
2015 08 14 13.913008
2015 08 15 12.664405
2015 08 16 13.048049
2015 08 17 9.897882
2015 08 18 7.004677
2015 08 19 4.9657483
2015 08 20 4.3494916
2015 08 21 7.749034
2015 08 22 8.366282
2015 08 23 7.560646
2015 08 24 7.219597
2015 08 25 8.01479
2015 08 26 8.663351
2015 08 27 7.7800083
2015 08 28 7.4124966
2015 08 29 7.330305
2015 08 30 7.351339
2015 08 31 8.351295
2015 09 01 8.397904
2015 09 02 8.287667
2015 09 03 5.5294967
2015 09 04 3.023735
2015 09 05 1.8936327
2015 09 06 2.3644416
2015 09 07 4.2568245
2015 09 08 5.5409293
2015 09 09 4.61774
2015 09 10 5.4483047
2015 09 11 5.8078
2015 09 12 6.8424315
2015 09 13 7.5059276
2015 09 14 9.187235
2015 09 15 10.627782
2015 09 16 11.597911
2015 09 17 10.498229
2015 09 18 9.421577
2015 09 19 9.140804
2015 09 20 9.439052
2015 09 21 6.494382
2015 09 22 2.4584823
2015 09 23 1.5678058
2015 09 24 2.5172868
2015 09 25 3.7770696
2015 09 26 4.0545044
2015 09 27 4.1439133
2015 09 28 4.1550684
2015 09 29 3.2472157
2015 09 30 3.7269053
2016 06 01 6.453821
2016 06 02 6.5986576
2016 06 03 5.9967256
2016 06 04 5.0752697
2016 06 05 5.00749
2016 06 06 3.5086892
2016 06 07 4.8859925
2016 06 08 6.5931935
2016 06 09 9.632657
2016 06 10 9.333861
2016 06 11 10.17748
2016 06 12 10.152315
2016 06 13 10.516763
2016 06 14 10.2986965
2016 06 15 11.320208
2016 06 16 11.659048
2016 06 17 11.869229
2016 06 18 13.542743
2016 06 19 13.82883
2016 06 20 13.35469
2016 06 21 14.6130295
2016 06 22 17.343037
2016 06 23 19.571259
2016 06 24 19.323553
2016 06 25 17.941366
2016 06 26 19.166203
2016 06 27 18.8294
2016 06 28 20.189407
2016 06 29 21.279696
2016 06 30 21.171486
2016 07 01 21.915361
2016 07 02 21.36223
2016 07 03 18.7326
2016 07 04 17.513113
2016 07 05 15.367541
2016 07 06 13.772278
2016 07 07 11.829282
2016 07 08 14.025215
2016 07 09 16.84819
2016 07 10 17.559427
2016 07 11 18.178192
2016 07 12 17.189745
2016 07 13 14.267412
2016 07 14 12.235525
2016 07 15 11.887286
2016 07 16 11.267535
2016 07 17 10.9010105
2016 07 18 11.2921095
2016 07 19 11.949205
2016 07 20 13.593779
2016 07 21 12.266235
2016 07 22 12.900806
2016 07 23 15.257366
2016 07 24 14.628663
2016 07 25 12.4289255
2016 07 26 11.150423
2016 07 27 12.191974
2016 07 28 11.828655
2016 07 29 11.555916
2016 07 30 10.403602
2016 07 31 10.472049
2016 08 01 12.783477
2016 08 02 14.439677
2016 08 03 16.37556
2016 08 04 16.703238
2016 08 05 16.66103
2016 08 06 16.18638
2016 08 07 16.330217
2016 08 08 14.591523
2016 08 09 13.12445
2016 08 10 13.212321
2016 08 11 14.073357
2016 08 12 13.864087
2016 08 13 10.551033
2016 08 14 11.741163
2016 08 15 13.604183
2016 08 16 14.607515
2016 08 17 14.173749
2016 08 18 14.981764
2016 08 19 13.562629
2016 08 20 10.404439
2016 08 21 10.773991
2016 08 22 9.828592
2016 08 23 11.099349
2016 08 24 11.999758
2016 08 25 11.748851
2016 08 26 9.951864
2016 08 27 9.799015
2016 08 28 10.904565
2016 08 29 11.731449
2016 08 30 12.346408
2016 08 31 10.488829
2016 09 01 11.681487
2016 09 02 11.123835
2016 09 03 10.192731
2016 09 04 8.525532
2016 09 05 8.105328
2016 09 06 8.862667
2016 09 07 7.354268
2016 09 08 7.0755467
2016 09 09 8.536154
2016 09 10 8.941724
2016 09 11 9.886481
2016 09 12 10.00056
2016 09 13 11.4693365
2016 09 14 10.788178
2016 09 15 10.073364
2016 09 16 9.684637
2016 09 17 9.554865
2016 09 18 10.032697
2016 09 19 9.822373
2016 09 20 10.308464
2016 09 21 10.720148
2016 09 22 10.963383
2016 09 23 12.998454
2016 09 24 13.283751
2016 09 25 11.049822
2016 09 26 8.770253
2016 09 27 8.356045
2016 09 28 8.368871
2016 09 29 7.750644
2016 09 30 6.8410707
2017 06 01 12.322083
2017 06 02 11.629092
2017 06 03 11.859166
2017 06 04 11.316951
2017 06 05 10.533941
2017 06 06 11.155557
2017 06 07 9.212356
2017 06 08 8.35059
2017 06 09 10.451654
2017 06 10 15.867559
2017 06 11 17.06235
2017 06 12 16.680536
2017 06 13 11.6294365
2017 06 14 9.840336
2017 06 15 10.216793
2017 06 16 10.183933
2017 06 17 8.991256
2017 06 18 8.141186
2017 06 19 8.902101
2017 06 20 10.486942
2017 06 21 11.098122
2017 06 22 11.656574
2017 06 23 13.813118
2017 06 24 16.07461
2017 06 25 15.166715
2017 06 26 15.130819
2017 06 27 16.357946
2017 06 28 16.929478
2017 06 29 16.39126
2017 06 30 16.242956
2017 07 01 17.299192
2017 07 02 15.128217
2017 07 03 13.027376
2017 07 04 12.386473
2017 07 05 15.561441
2017 07 06 14.5385685
2017 07 07 13.35856
2017 07 08 12.605648
2017 07 09 10.113048
2017 07 10 10.269138
2017 07 11 10.175749
2017 07 12 9.5819
2017 07 13 13.172014
2017 07 14 15.00901
2017 07 15 14.619751
2017 07 16 13.803768
2017 07 17 14.754842
2017 07 18 20.148281
2017 07 19 21.578575
2017 07 20 20.430258
2017 07 21 18.969791
2017 07 22 14.711987
2017 07 23 14.915506
2017 07 24 14.953066
2017 07 25 15.16532
2017 07 26 15.930041
2017 07 27 15.208708
2017 07 28 14.61992
2017 07 29 11.743748
2017 07 30 11.040646
2017 07 31 11.933624
2017 08 01 10.265812
2017 08 02 10.768107
2017 08 03 14.46506
2017 08 04 17.10515
2017 08 05 14.056153
2017 08 06 13.396006
2017 08 07 13.1385765
2017 08 08 11.196512
2017 08 09 12.268489
2017 08 10 12.621039
2017 08 11 12.208621
2017 08 12 9.079652
2017 08 13 8.272202
2017 08 14 6.4292374
2017 08 15 5.257164
2017 08 16 6.4700446
2017 08 17 8.521611
2017 08 18 11.394588
2017 08 19 13.319103
2017 08 20 16.296768
2017 08 21 17.782398
2017 08 22 14.832687
2017 08 23 12.209626
2017 08 24 12.201612
2017 08 25 10.607565
2017 08 26 11.500987
2017 08 27 15.117697
2017 08 28 18.068945
2017 08 29 16.666346
2017 08 30 11.82162
2017 08 31 9.509718
2017 09 01 8.062001
2017 09 02 8.525898
2017 09 03 6.85419
2017 09 04 5.632506
2017 09 05 8.107549
2017 09 06 6.8672366
2017 09 07 4.992342
2017 09 08 3.5206974
2017 09 09 2.5080633
2017 09 10 2.9882655
2017 09 11 3.013676
2017 09 12 4.709148
2017 09 13 4.2403836
2017 09 14 5.989751
2017 09 15 6.002361
2017 09 16 8.771908
2017 09 17 11.413341
2017 09 18 12.92356
2017 09 19 13.991085
2017 09 20 11.518085
2017 09 21 10.17003
2017 09 22 6.281034
2017 09 23 3.64948
2017 09 24 3.6870315
2017 09 25 5.1302643
2017 09 26 4.6366577
2017 09 27 5.231679
2017 09 28 6.3208714
2017 09 29 5.7088013
2017 09 30 4.153977
2018 06 01 4.325495
2018 06 02 4.0904703
2018 06 03 6.745319
2018 06 04 7.612776
2018 06 05 6.96278
2018 06 06 9.548436
2018 06 07 14.11154
2018 06 08 19.21149
2018 06 09 21.289598
2018 06 10 19.466688
2018 06 11 15.510403
2018 06 12 15.560234
2018 06 13 15.721699
2018 06 14 13.996292
2018 06 15 10.722096
2018 06 16 9.895774
2018 06 17 11.35615
2018 06 18 12.055528
2018 06 19 13.732977
2018 06 20 13.401727
2018 06 21 11.922411
2018 06 22 12.677599
2018 06 23 12.717344
2018 06 24 12.396474
2018 06 25 15.21541
2018 06 26 15.848967
2018 06 27 16.962149
2018 06 28 15.610882
2018 06 29 13.842722
2018 06 30 11.999366
2018 07 01 11.452217
2018 07 02 12.429734
2018 07 03 12.799061
2018 07 04 13.66136
2018 07 05 14.9565525
2018 07 06 15.959595
2018 07 07 16.03424
2018 07 08 17.73546
2018 07 09 18.195374
2018 07 10 20.739346
2018 07 11 22.210354
2018 07 12 21.12423
2018 07 13 22.120073
2018 07 14 24.540573
2018 07 15 24.236286
2018 07 16 24.174835
2018 07 17 22.216854
2018 07 18 18.661245
2018 07 19 16.411758
2018 07 20 18.658255
2018 07 21 21.649824
2018 07 22 21.612444
2018 07 23 21.419542
2018 07 24 17.557049
2018 07 25 14.964808
2018 07 26 13.469865
2018 07 27 14.470838
2018 07 28 11.124106
2018 07 29 9.788455
2018 07 30 11.000044
2018 07 31 13.9668
2018 08 01 12.346931
2018 08 02 10.148229
2018 08 03 10.653877
2018 08 04 11.747587
2018 08 05 12.907596
2018 08 06 13.357976
2018 08 07 16.85019
2018 08 08 16.496113
2018 08 09 13.62443
2018 08 10 15.622142
2018 08 11 17.20054
2018 08 12 18.765236
2018 08 13 19.872797
2018 08 14 21.997007
2018 08 15 21.421936
2018 08 16 22.673685
2018 08 17 20.973047
2018 08 18 18.633123
2018 08 19 17.730988
2018 08 20 15.581955
2018 08 21 15.154662
2018 08 22 13.912
2018 08 23 12.643391
2018 08 24 11.602712
2018 08 25 11.60551
2018 08 26 13.533739
2018 08 27 16.708872
2018 08 28 16.01921
2018 08 29 12.196223
2018 08 30 11.109923
2018 08 31 9.804701
2018 09 01 7.7773275
2018 09 02 7.381781
2018 09 03 6.2292023
2018 09 04 6.136851
2018 09 05 7.139713
2018 09 06 7.906808
2018 09 07 8.577592
2018 09 08 7.6373467
2018 09 09 4.8230233
2018 09 10 3.3201895
2018 09 11 3.5648525
2018 09 12 3.720986
2018 09 13 4.0175557
2018 09 14 2.601846
2018 09 15 3.579462
2018 09 16 3.8498685
2018 09 17 4.620811
2018 09 18 5.3309875
2018 09 19 7.3039327
2018 09 20 7.2568264
2018 09 21 6.4825783
2018 09 22 4.8979244
2018 09 23 2.353649
2018 09 24 1.8509798
2018 09 25 2.1616857
2018 09 26 2.1285114
2018 09 27 1.5256112
2018 09 28 2.097139
2018 09 29 2.6559312
2018 09 30 3.1743195
2019 06 01 1.6714301
2019 06 02 2.8406541
2019 06 03 3.0658627
2019 06 04 3.9096718
2019 06 05 4.740238
2019 06 06 3.4690526
2019 06 07 2.9955301
2019 06 08 6.4536705
2019 06 09 10.808445
2019 06 10 14.944422
2019 06 11 18.894527
2019 06 12 17.456516
2019 06 13 16.513697
2019 06 14 13.714844
2019 06 15 13.561444
2019 06 16 11.065657
2019 06 17 11.976152
2019 06 18 12.946433
2019 06 19 13.352962
2019 06 20 14.643826
2019 06 21 15.405284
2019 06 22 14.098491
2019 06 23 11.149834
2019 06 24 10.019965
2019 06 25 9.218867
2019 06 26 10.218986
2019 06 27 12.951938
2019 06 28 15.138269
2019 06 29 15.398771
2019 06 30 15.209848
2019 07 01 11.719467
2019 07 02 13.347968
2019 07 03 14.484306
2019 07 04 14.221357
2019 07 05 16.788074
2019 07 06 18.380556
2019 07 07 18.67031
2019 07 08 16.91167
2019 07 09 16.88952
2019 07 10 15.816869
2019 07 11 13.449451
2019 07 12 11.613199
2019 07 13 11.1383295
2019 07 14 11.729155
2019 07 15 12.829117
2019 07 16 14.4941
2019 07 17 16.56813
2019 07 18 20.137997
2019 07 19 20.363085
2019 07 20 19.789875
2019 07 21 21.059603
2019 07 22 19.939625
2019 07 23 16.969103
2019 07 24 12.858114
2019 07 25 12.003044
2019 07 26 10.562686
2019 07 27 13.384032
2019 07 28 15.11216
2019 07 29 12.151032
2019 07 30 12.264916
2019 07 31 11.773396
2019 08 01 11.173553
2019 08 02 13.169261
2019 08 03 14.168286
2019 08 04 14.670105
2019 08 05 15.878491
2019 08 06 18.526226
2019 08 07 21.01015
2019 08 08 22.589184
2019 08 09 21.575483
2019 08 10 20.2768
2019 08 11 17.905354
2019 08 12 17.838215
2019 08 13 17.457962
2019 08 14 17.030245
2019 08 15 14.993029
2019 08 16 14.406039
2019 08 17 9.876255
2019 08 18 9.751161
2019 08 19 5.731494
2019 08 20 5.586001
2019 08 21 7.7780733
2019 08 22 9.034678
2019 08 23 11.400946
2019 08 24 11.52516
2019 08 25 11.450019
2019 08 26 12.164954
2019 08 27 12.156354
2019 08 28 13.980037
2019 08 29 11.863348
2019 08 30 10.112351
2019 08 31 10.521549
2019 09 01 12.436458
2019 09 02 13.995017
2019 09 03 13.360163
2019 09 04 16.7652
2019 09 05 17.26373
2019 09 06 17.595604
2019 09 07 19.385447
2019 09 08 18.996677
2019 09 09 16.58038
2019 09 10 12.925381
2019 09 11 10.995482
2019 09 12 11.139142
2019 09 13 11.033987
2019 09 14 7.027783
2019 09 15 7.348214
2019 09 16 8.700927
2019 09 17 8.668447
2019 09 18 7.0726204
2019 09 19 6.4579396
2019 09 20 6.654437
2019 09 21 5.918687
2019 09 22 4.1217566
2019 09 23 3.426202
2019 09 24 4.5163217
2019 09 25 4.5724163
2019 09 26 5.719531
2019 09 27 4.5112667
2019 09 28 2.3799987
2019 09 29 1.6073332
2019 09 30 3.0247915
2020 06 01 11.869915
2020 06 02 14.605504
2020 06 03 9.509054
2020 06 04 6.8756304
2020 06 05 6.4252124
2020 06 06 7.726057
2020 06 07 6.4082475
2020 06 08 7.4090133
2020 06 09 8.645429
2020 06 10 9.956885
2020 06 11 11.501257
2020 06 12 14.572983
2020 06 13 17.861437
2020 06 14 17.11822
2020 06 15 14.473126
2020 06 16 14.542711
2020 06 17 17.661783
2020 06 18 17.901005
2020 06 19 13.394772
2020 06 20 9.469273
2020 06 21 12.678877
2020 06 22 12.057356
2020 06 23 11.149415
2020 06 24 9.545096
2020 06 25 7.4047422
2020 06 26 7.461025
2020 06 27 10.231096
2020 06 28 12.468911
2020 06 29 12.900827
2020 06 30 12.994333
2020 07 01 14.2673645
2020 07 02 15.814569
2020 07 03 15.956345
2020 07 04 15.032886
2020 07 05 16.50989
2020 07 06 17.257341
2020 07 07 17.489752
2020 07 08 14.720763
2020 07 09 13.363309
2020 07 10 12.135487
2020 07 11 12.105659
2020 07 12 12.378436
2020 07 13 13.438175
2020 07 14 15.885121
2020 07 15 17.318836
2020 07 16 21.259842
2020 07 17 20.645512
2020 07 18 15.98888
2020 07 19 9.565448
2020 07 20 8.407922
2020 07 21 8.522048
2020 07 22 3.9293315
2020 07 23 2.5904608
2020 07 24 6.9899716
2020 07 25 10.485072
2020 07 26 6.8692446
2020 07 27 6.8694196
2020 07 28 8.278983
2020 07 29 11.980969
2020 07 30 11.58646
2020 07 31 13.330488
2020 08 01 15.640518
2020 08 02 18.573162
2020 08 03 20.900053
2020 08 04 25.64559
2020 08 05 27.123528
2020 08 06 24.605556
2020 08 07 19.529327
2020 08 08 17.37294
2020 08 09 14.34026
2020 08 10 12.370107
2020 08 11 11.691383
2020 08 12 9.711872
2020 08 13 9.749442
2020 08 14 13.369797
2020 08 15 15.297385
2020 08 16 16.804056
2020 08 17 14.677044
2020 08 18 12.669357
2020 08 19 13.018883
2020 08 20 13.899285
2020 08 21 11.81301
2020 08 22 11.939607
2020 08 23 10.16088
2020 08 24 8.021658
2020 08 25 9.044617
2020 08 26 7.2424283
2020 08 27 6.462056
2020 08 28 6.9938607
2020 08 29 7.869407
2020 08 30 7.1164713
2020 08 31 5.171631
2020 09 01 6.684692
2020 09 02 7.1549454
2020 09 03 5.4848127
2020 09 04 3.8943975
2020 09 05 3.8982399
2020 09 06 7.143352
2020 09 07 6.730188
2020 09 08 5.021099
2020 09 09 9.408808
2020 09 10 12.099155
2020 09 11 12.615681
2020 09 12 10.889482
2020 09 13 9.842659
2020 09 14 11.074582
2020 09 15 11.35782
2020 09 16 10.131978
2020 09 17 10.730956
2020 09 18 12.638571
2020 09 19 16.955626
2020 09 20 18.062815
2020 09 21 18.899479
2020 09 22 14.541359
2020 09 23 11.902943
2020 09 24 7.8661366
2020 09 25 5.6322403
2020 09 26 5.5772147
2020 09 27 5.184293
2020 09 28 4.469007
2020 09 29 4.25909
2020 09 30 5.5138383
